Expiry;Strike;ReqMar;Bid;Ask;Last/Close;Premium;E[PnL];S[PnL];Sharpe;Prob(%);LGL;E[Return](%);Ann[Return](%)
20180706;44;3487.35;-1;-1;-1;-1;-1.02202850607079;0.255772287441668;-3.99585317195035;0.9836;1.34320158968202;-0.228592551575039;-8.3493429462783
20180706;45;4089.06;0.06;0.08;0.08;0.066;0.0181004404060291;0.360714539438343;0.0501794034535251;0.9625;1.27732158917256;0.00345271126290706;0.12611027887768
20180706;45.5;4494.41;0.08;0.1;0.09;0.086;0.0159669087142532;0.431165116173271;0.0370320049450305;0.9492;1.37860415916824;0.00277103975763616;0.101212227147661
20180706;46;4901.77;0.1;0.13;0.11;0.109;0.00915095144828241;0.514748280822915;0.0177775269762009;0.9306;1.438747097287;0.00145615606804487;0.0531861003853387
20180706;46.5;5318.19;0.14;0.16;0.13;0.146;0.00543343538900493;0.611797796021602;0.0088810967027627;0.9049;1.47809216205042;0.000796902631050009;0.0291068685991016
20180706;47;5740.32;0.19;0.21;0.15;0.196;-0.00104766244417418;0.722832814974397;-0.0014493841763552;0.8671;1.48267616587039;-0.00014235734357246;-0.00519960197398409
20180706;47.5;6176.27;0.25;0.28;0.19;0.259;-0.0156036303956791;0.848391014425024;-0.0183920269432063;0.82;1.52557572442044;-0.00197057960688728;-0.071975420141558
20180706;48;6627.45;0.34;0.37;0.25;0.349;-0.0294994121232846;0.987974509397664;-0.0298584749329914;0.762;1.59033366438355;-0.00347185440194373;-0.126809482030995
20180706;48.5;7098.17;0.46;0.49;0.33;0.469;-0.0436727924498105;1.13998040000139;-0.0383101257265099;0.6986;1.70097144143932;-0.00479909302127903;-0.175286872602217
20180706;49;7599.31;0.62;0.65;0.42;0.629;-0.053116141676199;1.30052912171987;-0.0408419471652861;0.6237;1.81269237756099;-0.00545188846190447;-0.199130226071061
20180706;49.5;8131.03;0.82;0.86;0.53;0.832;-0.0575379077395196;1.46557767905218;-0.0392595415186252;0.5444;1.95245370443266;-0.00551954279308098;-0.201601300517283
20180706;50;8554.49;1.06;1.11;0.69;1.075;-0.0643381640364454;1.62849341953593;-0.0395077826318635;0.457;2.09822866305054;-0.00586636584395182;-0.21426901245034
20180706;50.5;8768.15;1.28;1.41;0.88;1.319;-0.112850417999497;1.78385958917002;-0.0632619398323852;0.3746;2.28949539174848;-0.0100389849671376;-0.366673925924701
20180713;45;4152.29;0.15;0.16;0.13;0.153;0.0265507506902359;0.692551560976768;0.0383375797359968;0.93;1.80641784728234;0.00498750943175549;0.107158107055805
20180713;47;5870.44;0.35;0.38;0.28;0.359;-0.00501657226055711;1.12733480955928;-0.00444993999832071;0.8206;2.0290778832807;-0.000666547373490666;-0.0143209663627921
20180713;48;6801.3;0.57;0.6;0.42;0.579;-0.0130272853786963;1.41156603603131;-0.00922895921704315;0.7213;2.12424573153461;-0.00149402064243352;-0.0320994729205201
20180713;49;7807.61;0.89;0.92;0.61;0.899;-0.0258528248354349;1.72797604825514;-0.0149613328619574;0.607;2.35331507591714;-0.00258276263435791;-0.0554914148352487
20180713;50;8777.8;1.34;1.38;0.91;1.352;-0.0248002749745017;2.05611761776188;-0.0120617005371012;0.4875;2.68643956092586;-0.00220376569073245;-0.0473485540317663
20180720;26;2040.81;-1;0.01;-1;0.003;0.003;0;∞;1;0;0.00114660355447102;0.0174498728446058
20180720;27;2119.3;-1;0.01;-1;0.003;0.00295486996005771;0.00451300399422859;0.654745700167011;0.9999;0.451300399422859;0.00108752822575615;0.0165508201857265
20180720;28;2197.8;-1;0.01;-1;0.003;0.00285486996005771;0.0145130039942286;0.196711167528998;0.9999;1.45130039942286;0.00101319436201884;0.0154195516969743
20180720;29;2276.32;-1;0.01;-1;0.003;0.00275486996005771;0.0245130039942286;0.112384021179384;0.9999;2.45130039942286;0.000943979128086129;0.0143661823555608
20180720;30;2354.89;-1;0.01;-1;0.003;0.00265486996005771;0.0345130039942286;0.0769237577958057;0.9999;3.45130039942286;0.000879361060960392;0.013382776146491
20180720;31;2433.58;-1;0.02;-1;0.006;0.00549053936118156;0.0449748208158308;0.122080294297669;0.9998;2.54730319409219;0.00175980271933597;0.0267819976348942
20180720;32;2512.52;-1;0.02;-1;0.006;0.00505069026842959;0.0586317522604752;0.0861425775916023;0.9994;1.58218288595068;0.00156796300502089;0.0238624369826616
20180720;33;2593.55;-1;0.02;-1;0.006;0.00432873136387069;0.0775182954223926;0.0558414157623524;0.9992;2.08908579516164;0.00130184899609382;0.0198125144093029
20180720;34;2674.22;-1;0.01;-1;0.003;0.000371896104716812;0.101191823549545;0.00367515962922366;0.9988;2.19008657940266;0.000108472362662426;0.0016508137692688
20180720;35;2756.02;0.01;0.03;0.01;0.016;0.0120924741333633;0.129427048055779;0.0934308115267514;0.9987;3.00578912818209;0.0034223735038292;0.0520842467614007
20180720;36;2839.05;0.01;0.03;0.01;0.016;0.0107379111740441;0.160887153552203;0.0667418804855664;0.9986;3.75863487568278;0.00295013145797165;0.044897313126006
20180720;37;2921.01;0.02;0.03;0.02;0.023;0.0158619658509045;0.19520434944299;0.0812582603623644;0.9976;2.97418089545647;0.00423563540135278;0.0644610762643376
20180720;38;3005.28;0.02;0.04;0.04;0.026;0.0154600758274391;0.235453799986333;0.0656607615945736;0.9958;2.50950575537165;0.00401255761373398;0.061066111184014
20180720;39;3091.15;0.03;0.05;0.04;0.036;0.0201752150456366;0.285042280397678;0.0707797278968197;0.9933;2.36190820214378;0.00509087806660841;0.0774768005761967
20180720;40;3177.75;0.05;0.06;0.05;0.053;0.0287254415285074;0.347036963587638;0.0827734349434892;0.9896;2.33409216072045;0.00705085182668106;0.107305151237302
20180720;41;3267.33;0.06;0.08;0.07;0.066;0.0289218142103479;0.424291962880565;0.0681648881915992;0.9838;2.28877690059581;0.00690441892434231;0.105076625504835
20180720;42;3363.51;0.09;0.1;0.1;0.093;0.0352454398964554;0.520800802523976;0.0676754715538919;0.9739;2.21281839477182;0.00817343879436518;0.124389521651745
20180720;43;3465.05;0.12;0.13;0.12;0.123;0.0316142447730434;0.642324851022134;0.0492184674510654;0.958;2.17585131492754;0.00711652383745511;0.10830459715127
20180720;44;3575.07;0.17;0.18;0.16;0.173;0.0299658576201813;0.79442001660881;0.0377204211798418;0.9358;2.22794614298783;0.00653787728456824;0.0994983199245229
20180720;45;4216.27;0.24;0.25;0.21;0.243;0.0213779798549241;0.980834097001719;0.0217957144029493;0.9052;2.33778502262738;0.00395487582314245;0.0601882664334491
20180720;46;5078.59;0.35;0.36;0.29;0.353;0.0127850967875158;1.20370151710802;0.0106214843180001;0.8551;2.34792893866449;0.00196361106020811;0.0298837058225421
20180720;47;5982.7;0.52;0.53;0.39;0.523;0.00729463540964773;1.46422895013708;0.00498189535793894;0.7898;2.45340325685229;0.000951044782376724;0.0144737127817958
20180720;48;6940.11;0.76;0.77;0.56;0.763;-0.00412025658677669;1.75801086143274;-0.00234370371490126;0.7071;2.61905174662607;-0.000463076253501144;-0.00704744173297053
20180720;48.5;7439.4;0.92;0.93;0.67;0.923;-0.00213671834141042;1.91504324755274;-0.00111575461501508;0.659;2.71301090422701;-0.000224028860701149;-0.00340943922379562
20180720;49;7970.31;1.11;1.12;0.79;1.113;0.00566690272468677;2.07636618934569;0.00272924051343397;0.6098;2.83786032105411;0.00055458120515459;0.00844003271594642
20180720;49.5;8520.79;1.32;1.33;0.94;1.323;0.00687368903380724;2.23937737473557;0.00306946435708224;0.5559;2.9635809749295;0.000629223046967434;0.00957598824603564
20180720;50;8938.17;1.56;1.57;1.12;1.563;0.0104561145716964;2.40178898815667;0.00435346927779917;0.4996;3.10260568630756;0.000912465232360003;0.0138865802549788
20180720;50.5;9133.34;1.84;1.85;1.31;1.843;0.026380517340882;2.56147779097654;0.01029894439601;0.4435;3.2643656471862;0.00225293304813879;0.0342868248263623
20180727;40;3220.45;-1;-1;-1;-1;-1.0432606020871;0.467879819266154;-2.22976191562056;0.9817;2.36396732716401;-0.252679988705907;-2.97714083467202
20180727;45;4370.34;0.44;0.48;0.35;0.452;0.110333769897292;1.24984062638685;0.0882782712994814;0.8669;2.56698895644409;0.0196919096729059;0.232015161549319
20180727;47;6230.85;0.84;0.88;0.6;0.852;0.141003957671889;1.78986344461211;0.078779170610106;0.7545;2.89611422536909;0.0176513777388436;0.207973087713311
20180727;48;7235.2;1.1;1.17;0.86;1.121;0.126702905974709;2.10069021790206;0.060314893121769;0.676;3.06881819143609;0.0136593690098785;0.160938210672842
20180727;49;8298.05;1.5;1.56;1.14;1.518;0.156299090166457;2.42656479293244;0.0644116697900217;0.5868;3.29550074983917;0.0146917999204435;0.173102578094903
20180727;50;9283.8;1.97;2;1.48;1.979;0.162001552217559;2.7578740539655;0.0587414613747932;0.5026;3.65299245633784;0.0136109363331498;0.160367564376869
20180803;40;3232.39;-1;-1;-1;-1;-1.05465452404678;0.529372415648335;-1.9922732897881;0.9774;2.41834177198149;-0.25449606289974;-2.44617597300342
20180803;45;4465.01;0.52;0.59;0.43;0.541;0.145754934062701;1.36975123178255;0.106409784989221;0.8541;2.70901347455311;0.0254621710967963;0.244738368239602
20180803;47;6338.53;0.95;1.03;0.72;0.974;0.184563134672797;1.92414790169762;0.0959194116574731;0.7422;3.06220661492321;0.022711771506135;0.218301961647784
20180803;48;7349.8;1.25;1.34;0.97;1.277;0.193348265925416;2.23881404240024;0.0863619140596988;0.6686;3.26992074253043;0.0205191498301756;0.197226828301885
20180803;49;8419.32;1.68;1.75;1.28;1.701;0.249213983863576;2.56936346539501;0.0969944452079544;0.5929;3.56616560092465;0.023088195651619;0.221920091098785
20180803;50;9401.38;2.13;2.21;1.64;2.154;0.252312567716382;2.9039359038434;0.0868864107442737;0.5083;3.86757663673707;0.0209335015517698;0.201209511625893
20180817;40;3266.84;0.16;0.17;0.16;0.163;0.0524207584010649;0.818328002305549;0.0640583705474763;0.9658;3.2333111578636;0.0125161292113573;0.087913772970159
20180817;45;4579.03;0.73;0.74;0.6;0.733;0.20078437905344;1.75594507877978;0.114345477816975;0.8359;3.2432396157621;0.0342019632240197;0.240235905145639
20180817;50;9682.61;2.51;2.52;2.06;2.513;0.445074390760003;3.2859364091931;0.135448266592991;0.5266;4.36824167562314;0.0358537651307656;0.251838225269464
20180921;18;1962.35;-1;0.02;-1;0.006;0.0047348944789159;0.107587946390711;0.0440095255812476;0.9997;4.21701840361365;0.00188203821619711;0.00790131561455167
20180921;20;1962.42;-1;0.02;-1;0.006;0.00412346517285291;0.133549989650514;0.0308758179887813;0.9996;4.69133706786773;0.00163894723597664;0.00688075262000536
20180921;23;1963.35;-1;0.02;-1;0.006;0.00288205229925964;0.180851447075322;0.0159360201196472;0.9995;6.23589540148073;0.00114498219544275;0.00480695111362601
20180921;24;1965.89;-1;0.02;-1;0.006;0.00226650004997218;0.198769643371047;0.0114026468606238;0.9992;4.66687493753477;0.000899272105244089;0.0037753923728782
20180921;25;1967.48;-1;0.03;-1;0.009;0.0043548812785629;0.218772085660409;0.0199060189302341;0.999;4.6451187214371;0.00172647620167883;0.00724822336394474
20180921;26;2048.88;0.01;0.03;0.01;0.016;0.0100788258980979;0.241510745728796;0.0417324118133275;0.9985;3.94744940126805;0.00383696663568212;0.0161086444101482
20180921;27;2130.6;0.01;0.03;0.01;0.016;0.00857882589809793;0.26767724473829;0.0320491415192409;0.9985;4.94744940126805;0.00314065718601163;0.0131853452550661
20180921;28;2213.93;0.02;0.04;0.02;0.026;0.0167990537014797;0.296911878830931;0.0565792576828681;0.9979;4.38140299929536;0.00591855292947573;0.0248477179021955
20180921;29;2297.71;0.03;0.04;0.03;0.033;0.0215825783424272;0.329679123511217;0.0654654080384708;0.9975;4.56696866302911;0.0073266039261235;0.030759104413984
20180921;30;2383.14;0.02;0.07;0.04;0.035;0.0206002028274863;0.366424436102971;0.0562195115767259;0.9963;3.89183707365236;0.00674243150022209;0.0283065874190359
20180921;31;2469.58;0.04;0.06;0.05;0.046;0.0274198270227301;0.408622654608754;0.0671030514668451;0.9954;4.03916803853694;0.00866036535675276;0.0363586028339534
20180921;32;2558.19;0.05;0.07;0.05;0.056;0.0322518549903996;0.457062779296937;0.0705632933839198;0.9942;4.09450776027594;0.00983368979337409;0.0412845424945964
20180921;33;2646.91;0.06;0.09;0.07;0.069;0.0384149723344086;0.512318073703452;0.0749826607847619;0.9922;3.92115739302454;0.0113202482973878;0.0475255251795505
20180921;34;2739.1;0.08;0.1;0.08;0.086;0.0464468983127373;0.575755795018196;0.0806711781533513;0.9893;3.69655155955726;0.0132264541944197;0.0555283033851932
20180921;35;2832.13;0.1;0.12;0.1;0.106;0.0536541974243975;0.649200307623267;0.0826465988915291;0.9846;3.39907808932484;0.0147769608001857;0.0620377578421591
20180921;36;2932.34;0.13;0.15;0.13;0.136;0.0660589798618486;0.735387798981719;0.0898287678328625;0.9803;3.55030559076911;0.0175716336755772;0.0737705655172938
20180921;37;3034.54;0.16;0.18;0.16;0.166;0.0731812262166833;0.835915113187409;0.0875462413134721;0.9737;3.52923094233144;0.0188105467217479;0.0789718642542348
20180921;38;3147.12;0.2;0.22;0.2;0.206;0.0834216213191454;0.952091485763503;0.0876193334007685;0.9658;3.58416311932323;0.0206756859061407;0.0868022330714699
20180921;39;3265.23;0.27;0.28;0.24;0.273;0.11075834568086;1.08542008998947;0.102041916030811;0.9542;3.54239419910785;0.0264580166270281;0.111078052563472
20180921;40;3398.67;0.34;0.35;0.31;0.343;0.129642748832887;1.23803758292521;0.104716327372364;0.9431;3.74968806972079;0.0297532105469645;0.124912185658377
20180921;41;3543.39;0.43;0.44;0.38;0.433;0.155686539519477;1.41059297297921;0.110369569749566;0.9288;3.89485197304105;0.0342709949582722;0.143879090902401
20180921;42;3708.14;0.55;0.56;0.47;0.553;0.19562974446485;1.60321655757231;0.122023280972774;0.9093;3.94013512166649;0.0411503343138562;0.172760455265931
20180921;43;3896.97;0.69;0.7;0.6;0.693;0.232314512858711;1.8164454465423;0.127895122477217;0.8838;3.96459111137082;0.0464990287402249;0.195215749969737
20180921;44;4104.82;0.88;0.89;0.75;0.883;0.291050962293899;2.05152131526173;0.141870796139774;0.8524;4.01049483540719;0.0553056530101786;0.232188388068594
20180921;45;4856.99;1.09;1.11;0.93;1.096;0.338721078883925;2.3084096099694;0.146733524856715;0.8156;4.10671866115008;0.0543963321994613;0.228370808458083
20180921;46;5845.31;1.36;1.37;1.15;1.363;0.398580987326437;2.58570223318642;0.154148061679653;0.7687;4.16955906905993;0.0531867719786669;0.223292740979403
20180921;47;6865.72;1.68;1.69;1.42;1.683;0.463006015196701;2.88171639748397;0.160670222649582;0.7202;4.36023582846068;0.052601138970629;0.220834092057727
20180921;48;7932;2.06;2.07;1.73;2.063;0.537045015162965;3.19400036849748;0.16814181377681;0.6682;4.59902044857455;0.0528107806136047;0.221714225507116
20180921;49;9047.74;2.5;2.51;2.1;2.503;0.617640933915787;3.51815568778661;0.175558158514686;0.6115;4.85291908901985;0.0532464381662508;0.223543236094518
20180921;50;10062.08;2.99;3.05;2.53;3.008;0.703029113331783;3.84693085150772;0.182750649925575;0.5482;5.10175052383403;0.0544979475812944;0.228797417862848
20181019;25;1966.81;0.01;0.03;0.01;0.016;0.00935843619030648;0.234374114019847;0.0399294786860037;0.9985;4.42770920646235;0.00371138047317181;0.0117876671115305
20181019;26;2049.82;0.01;0.03;0.01;0.016;0.00739672776525801;0.264672738689823;0.0279466929683545;0.9978;3.91057828851909;0.00281461184733354;0.00893945197598763
20181019;27;2133.67;0.02;0.04;0.02;0.026;0.0150116222237848;0.299167098268283;0.0501780520340606;0.9973;4.06976954674636;0.0054877583387085;0.0174295976801155
20181019;28;2218.12;0.02;0.04;0.03;0.026;0.0120941962636987;0.337995103740728;0.0357821640900929;0.9968;4.34556366759416;0.00425291376737281;0.0135076239437645
20181019;29;2305.01;0.03;0.05;0.04;0.036;0.0184603457225501;0.381291085549423;0.048415361444786;0.9957;4.07898936684881;0.00624685778525433;0.0198405635309926
20181019;30;2392.47;0.04;0.07;0.05;0.049;0.02649111193159;0.430142625227455;0.061586809532261;0.9945;4.09252510334727;0.00863670905241871;0.0274309389686603
20181019;31;2482.2;0.05;0.08;0.06;0.059;0.029621274379709;0.485947583211427;0.0609556985219563;0.992;3.67234070253637;0.00930811135934777;0.0295633710782763
20181019;32;2574.02;0.07;0.1;0.08;0.079;0.0405049222948033;0.550484447636634;0.0735805025349961;0.9897;3.73738618497056;0.0122741235071781;0.0389836835738852
20181019;33;2668.98;0.09;0.12;0.09;0.099;0.0485732539271497;0.624790325021144;0.077743287598933;0.9868;3.820208035822;0.0141953622968987;0.0450857050342805
20181019;34;2764.54;0.11;0.14;0.12;0.119;0.0538547369207604;0.709722606981352;0.0758813885749244;0.9834;3.92441343850841;0.0151948225738073;0.0482600777833313
20181019;35;2868.5;0.14;0.16;0.15;0.146;0.0622993937304412;0.8057040103053;0.0773229286854791;0.9792;4.0240676091134;0.0169403964126701;0.0538041720845891
20181019;36;2971.32;0.18;0.2;0.18;0.186;0.0787014979887654;0.913631493721122;0.0861414022279626;0.973;3.97401859300869;0.0206598981029431;0.0656176328878259
20181019;37;3088.4;0.23;0.25;0.22;0.236;0.0976764136530417;1.03505528324291;0.0943683059585127;0.9648;3.92964733940223;0.0246689556564475;0.0783507482914561
20181019;38;3207.13;0.28;0.31;0.27;0.289;0.111677150467458;1.17193997239907;0.0952925517497663;0.9574;4.16250820498925;0.0271607877961346;0.0862650238481579
20181019;39;3341.81;0.35;0.38;0.33;0.359;0.134247339183837;1.32461499533103;0.101348195254492;0.9461;4.16980817840747;0.031334194512373;0.0995201264838628
20181019;40;3486.58;0.45;0.47;0.41;0.456;0.170679350069465;1.4937872146573;0.114259479793861;0.9323;4.21448522792519;0.0381835188219351;0.12127417608445
20181019;41;3648.88;0.55;0.58;0.5;0.559;0.197029118236466;1.68105660887568;0.117205522524457;0.9138;4.19919816431014;0.0421177764750947;0.133769720500246
20181019;42;3834.56;0.69;0.72;0.63;0.699;0.241118148281073;1.88783528785774;0.127722026297478;0.8942;4.32780578184241;0.0490466065622227;0.155776287363929
20181019;43;4034.97;0.86;0.9;0.77;0.872;0.296099117343341;2.11460013698795;0.140026056068032;0.8685;4.3794743928263;0.0572389166531117;0.181795776587383
20181019;44;4271.25;1.05;1.11;0.94;1.068;0.343346464679084;2.36071200537457;0.145441910702108;0.8339;4.36275457748896;0.0627006713373568;0.199142784399735
20181019;45;5041.08;1.32;1.35;1.15;1.329;0.418438070703325;2.62633818479481;0.159323758503712;0.7944;4.42880315805776;0.0647443990471473;0.205633841321483
20181019;46;6038.34;1.58;1.66;1.39;1.604;0.468609916925491;2.91154794223324;0.160948720825821;0.7546;4.62669145507135;0.0605324866108704;0.192256441170612
20181019;47;7081.6;1.94;1.98;1.69;1.952;0.550839682496302;3.21440473755608;0.171366000074747;0.7118;4.86176376649444;0.0606720165424644;0.192699600366392
20181019;48;8160.79;2.33;2.38;2.02;2.345;0.630894908992717;3.53052016325321;0.178697438286651;0.6608;5.05337585792242;0.0603002931106326;0.191518974423118
20181019;49;9277.02;2.77;2.81;2.38;2.782;0.70409295712596;3.85607911050633;0.18259297513051;0.6115;5.34853807689586;0.0591992370996558;0.188021924788255
20181019;50;10294.76;3.2;3.3;2.82;3.23;0.738213710654142;4.18802556214288;0.176267718451179;0.5612;5.67863785174535;0.0559320172894007;0.177644950564814
