Expiry;Strike;ReqMar;Bid;Ask;Last/Close;Premium;E[PnL];S[PnL];Sharpe;Prob(%);LGL;E[Return](%);Ann[Return](%)
20180706;95;7463.75;0.06;0.06;0.06;0.06;0.0585916232961401;0.0800146396388454;0.732261290691299;0.9996;3.52094175964974;0.00612312392175371;0.223647101242054
20180706;96;7544.86;0.08;0.07;0.08;0.077;0.0751827343472541;0.0980759339669578;0.766576787049344;0.9995;3.63453130549173;0.00777251437281251;0.283891087466977
20180706;97;7628.49;0.09;0.05;0.09;0.078;0.0753795160149357;0.118142078729257;0.638041219739165;0.999;2.62048398506433;0.00770742604259163;0.281513736205659
20180706;98;7779.35;0.02;0.06;0.11;0.032;0.028222252908502;0.142438025061556;0.198137069762836;0.9986;2.69839077964143;0.00282971678464545;0.103355405559175
20180706;98.5;7825.66;0.02;0.06;0.12;0.032;0.0274803520213308;0.156279458830389;0.175841100468331;0.9984;2.82477998666823;0.00273902451379667;0.100042870366423
20180706;99;7871.97;0.03;0.07;0.13;0.042;0.0365396303659256;0.171365813157787;0.213225903653731;0.9977;2.37407375394541;0.00362055644081747;0.132240824000858
20180706;99.5;8007.17;0.04;0.07;0.14;0.049;0.0422028384568097;0.188271426414966;0.22415955124168;0.9969;2.19263275586785;0.00411109218316978;0.150157641990276
20180706;100;8472.39;0.03;0.08;0.15;0.045;0.0365583025943503;0.207433972156494;0.176240671739004;0.9966;2.48285217813228;0.00336569445263889;0.122931989882635
20180706;101;9197.63;0.05;0.09;0.2;0.062;0.0492992322845434;0.252468179201919;0.195269092684805;0.9946;2.35199402138084;0.00418079452880186;0.152703520164488
20180706;102;9998.35;0.07;0.11;0.24;0.082;0.0625753059257001;0.308580938055428;0.202784093923715;0.9921;2.45882203472151;0.00488167933929559;0.178303337867771
20180706;103;10801.27;0.1;0.13;0.29;0.109;0.0798865412989104;0.37762991881242;0.211547171765785;0.9878;2.38634907385981;0.00576890515774072;0.21070926088648
20180706;104;11611.98;0.13;0.17;0.37;0.142;0.0971817635150095;0.462759245781488;0.210005017513789;0.9802;2.26354729722174;0.00652789408367112;0.238431331406088
20180706;105;12433.79;0.17;0.22;0.48;0.185;0.113833238468967;0.569972592008964;0.199717039143483;0.9668;2.1435771545492;0.00714101862793194;0.260825705385214
20180706;106;13268.28;0.24;0.29;0.63;0.255;0.141565524844396;0.70599064563627;0.200520397429361;0.948;2.18143221453084;0.00832218715452411;0.303967885818993
20180706;107;14124.66;0.32;0.38;0.81;0.338;0.160713474719041;0.875486291733917;0.183570521019518;0.9236;2.32050425760417;0.00887501081660388;0.324159770076457
20180706;108;15011.27;0.47;0.52;1.05;0.485;0.211968379619757;1.0801488408471;0.19623997323695;0.8825;2.32367336493824;0.0110140804944159;0.40228929005854
20180706;109;15936.27;0.64;0.7;1.36;0.658;0.237239215043144;1.32192837738339;0.179464499818615;0.8193;2.32850462067989;0.0116116624362948;0.424115970485669
20180706;110;16912.44;0.87;0.96;1.74;0.897;0.255177769873239;1.60061551581684;0.159424775876307;0.7374;2.44410597915751;0.0117687726017728;0.429854419279752
20180713;95;7514.75;0.06;0.1;0.15;0.072;0.0648108973500499;0.238067922061862;0.272237001897336;0.998;3.59455132497503;0.00672710335447473;0.1445337941307
20180713;99;7886.39;0.13;0.17;0.26;0.142;0.117743479291215;0.409984597534998;0.28719000664693;0.9925;3.23420276117132;0.0116453680133937;0.250204156876002
20180713;99.5;8074.69;0.15;0.19;0.29;0.162;0.133674264647001;0.440587381034602;0.303400120841187;0.9911;3.18266689359545;0.0129126847500846;0.277432829704023
20180713;100;8470.81;0.16;0.2;0.31;0.172;0.138833808746752;0.47380741232681;0.293017384563396;0.9893;3.09964404235959;0.012783945197976;0.274666822562395
20180713;101;9285.2;0.2;0.24;0.38;0.212;0.166014275695108;0.549345180596964;0.30220393581082;0.9846;2.98608599382413;0.0139459715506596;0.29963330052226
20180713;102;10102.33;0.25;0.29;0.46;0.262;0.197456133578193;0.639661004434631;0.308688715130784;0.978;2.93381211008214;0.0152455704962113;0.327555566102423
20180713;103;10931.75;0.29;0.35;0.55;0.308;0.21731763351983;0.747540138247119;0.290710320959367;0.9693;2.9538230123834;0.0155060035351583;0.333151046542152
20180713;104;11771.23;0.37;0.42;0.67;0.385;0.258076808485534;0.875551878879891;0.294759013955514;0.958;3.02198075034443;0.0171010090380289;0.367420208890591
20180713;105;12624.85;0.46;0.51;0.82;0.475;0.297452143320048;1.02590252461503;0.289941915711406;0.9397;2.94440890016504;0.0183774596759278;0.394845126272509
20180713;106;13500.92;0.57;0.62;1.01;0.585;0.335141317051578;1.20192881373632;0.278836244893536;0.9136;2.89188290449562;0.019362401028984;0.416006880931554
20180713;107;14398.35;0.72;0.79;1.24;0.741;0.389926062284289;1.40703860569408;0.277125347311946;0.8824;2.98532259962339;0.0211234154317505;0.453842793320405
20180713;108;15324.99;0.91;0.96;1.51;0.925;0.436846801144784;1.64240872508102;0.265979347572715;0.8417;3.08372203951494;0.0222343052030006;0.477710586787998
20180713;109;16303.24;1.16;1.22;1.84;1.178;0.505929246908742;1.90673275922136;0.265338309452105;0.7892;3.18819142832665;0.0242052998415541;0.520057986301626
20180713;110;17316.84;1.44;1.49;2.23;1.455;0.540373890158524;2.19698096742724;0.245962026148695;0.723;3.30189931350713;0.0243399854894801;0.522951747060742
20180720;60;4709.5;-1;0.03;-1;0.009;0.009;0;∞;1;0;0.00149060409809959;0.0226851311179531
20180720;65;5102.05;-1;0.03;-1;0.009;0.009;0;∞;1;0;0.00137591752334846;0.0209397448084593
20180720;70;5500.05;0.01;0.04;0.01;0.019;0.019;0;∞;1;0;0.00269452095890037;0.0410072408432651
20180720;75;5904.05;0.04;0.03;0.04;0.037;0.037;0;∞;1;0;0.00488816998501029;0.0743918369593753
20180720;80;6311.48;0.04;0.06;0.06;0.046;0.0455601684256383;0.0377014444763505;1.20844622953949;0.9997;1.46610524787244;0.00563052269388445;0.085689517247554
20180720;85;6714.05;0.03;0.07;0.07;0.042;0.0389012777681983;0.127296390299169;0.305596079172187;0.999;3.09872223180168;0.00451932837247186;0.0687785286685561
20180720;87.5;6916.53;0.08;0.12;0.08;0.092;0.0859542207455603;0.197308818815364;0.435632939579827;0.9988;5.03814937869972;0.00969334220794778;0.147520551727205
20180720;90;7122.11;0.06;0.09;0.11;0.069;0.0593932884210355;0.27879780090663;0.213033561340487;0.9983;5.65100681115561;0.00650464047429872;0.0989924972182337
20180720;92.5;7336.61;0.08;0.12;0.16;0.092;0.0773913701196906;0.3707473747444;0.208744216120331;0.9976;6.08692911679558;0.00822795115092102;0.125219131578079
20180720;95;7559.76;0.12;0.16;0.23;0.132;0.108950851703644;0.478464043952374;0.227709590889318;0.995;4.60982965927121;0.0112413177572889;0.17107880461874
20180720;97.5;7802.32;0.19;0.21;0.31;0.196;0.155069018902823;0.61881139795531;0.250591730235101;0.9904;4.26364386428932;0.0155022909524605;0.235925490432758
20180720;100;8594.16;0.29;0.3;0.48;0.293;0.217855604388816;0.811975099633219;0.26830330694528;0.9805;3.85355874929151;0.0197724235321749;0.300911570630287
20180720;101;9416.42;0.34;0.35;0.56;0.343;0.244452979148011;0.909698889608989;0.268718563845981;0.9724;3.5705442337677;0.0202490249729142;0.308164848806538
20180720;102;10248.59;0.4;0.42;0.66;0.406;0.275691796177981;1.02354593318951;0.269349705995987;0.9633;3.55063225673076;0.0209823596239898;0.319325285527594
20180720;103;11100.86;0.48;0.5;0.78;0.486;0.31331558753089;1.15578704428049;0.271084183787453;0.9509;3.51699414397373;0.0220150653439548;0.335041775703312
20180720;104;11958.38;0.58;0.6;0.92;0.586;0.356357369459396;1.30862040051763;0.272315309556872;0.9345;3.50599435939854;0.0232438464222017;0.353742287737883
20180720;105;12848.02;0.7;0.72;1.11;0.706;0.40069915193628;1.48447749190577;0.269926054198278;0.9142;3.5582849424676;0.0243263427757973;0.370216529119164
20180720;106;13739.07;0.85;0.87;1.33;0.856;0.453177461420493;1.68478361012431;0.268982591412469;0.8889;3.62576542375793;0.0257279728473605;0.391547586770767
20180720;107;14666.96;1.03;1.05;1.57;1.036;0.507335253555371;1.90997509946205;0.265624014521585;0.859;3.74939536485552;0.0269804716023763;0.410609052198665
20180720;108;15623.15;1.25;1.27;1.88;1.256;0.563245697515825;2.15907415120609;0.260873716264533;0.814;3.72448549722675;0.0281205546936657;0.427959691744225
20180720;109;16605.92;1.51;1.54;2.23;1.519;0.616162592029506;2.43179193402267;0.253378006320734;0.7632;3.81265797284837;0.0289418967321904;0.440459490893022
20180720;110;17639.79;1.83;1.86;2.63;1.839;0.672282899259942;2.72538100366696;0.24667483128245;0.7054;3.96034317970149;0.0297271487598636;0.452410045189174
20180727;90;7717.26;0.11;0.99;0.83;0.374;0.357670062407119;0.413631630312886;0.864706749182998;0.9974;6.28074522803115;0.0361504794029944;0.425934277482055
20180727;95;7726.26;0.23;0.51;0.84;0.314;0.268660491846431;0.668451309850592;0.401914825937704;0.9897;4.40189399549218;0.0271224607559435;0.319563831971237
20180727;100;9171.39;0.61;0.93;1.03;0.706;0.539397610193711;1.15678395331832;0.466290709381307;0.9566;3.83876474208038;0.0458741952911276;0.540501607422076
20180727;101;9784.95;0.6;0.96;1.08;0.708;0.49238673493783;1.30366845980707;0.377693217346609;0.9443;3.8709742381;0.0392502417745116;0.462456477681947
20180727;102;10858.56;0.76;1.15;1.18;0.877;0.597916275149949;1.46978789133201;0.406804463879533;0.928;3.87616284513959;0.0429499578781128;0.506047487580023
20180727;103;11562.19;0.91;1.26;1.42;1.015;0.654634529470583;1.656758805673;0.395129651479148;0.91;4.00406078366019;0.0441624755333596;0.520333683501922
20180727;104;12815.03;0.98;1.37;1.67;1.097;0.635949797137356;1.86544534223712;0.340910442529877;0.8878;4.10918184369558;0.0387077394096727;0.456064574818805
20180727;105;13394.29;1.19;1.48;1.95;1.277;0.691654458924648;2.09576620123377;0.33002462703973;0.8621;4.24471023259864;0.0402776465166295;0.474561625490288
20180727;106;14810.59;1.35;1.67;2.22;1.446;0.707345675878035;2.34695365842023;0.301388855012229;0.8319;4.39413637193316;0.0372523732805288;0.438917075506876
20180727;107;15818.65;1.6;1.95;2.5;1.705;0.782518404579572;2.61887238566315;0.298799746357791;0.7983;4.5735329470522;0.0385851103331869;0.454619727393435
20180727;108;16899.55;1.93;2.23;2.88;2.02;0.875350709650729;2.9085930081418;0.300953315641077;0.7579;4.72800202539971;0.0404018777735247;0.476025350218706
20180727;109;17980.77;2.23;2.58;3.26;2.335;0.927647323678468;3.21475423312789;0.288559328772043;0.7161;4.9572126675644;0.0402410415387775;0.47413033619479
20180727;110;18490.81;2.62;2.9;3.63;2.704;0.989119043436456;3.53392882392001;0.279892180267308;0.6674;5.15598603897638;0.0417241242476904;0.491604399402223
20180803;90;7287.25;0.16;0.37;0.51;0.223;0.198015410329859;0.516168204572211;0.383625741717218;0.9955;5.55213103780913;0.0211948293330529;0.203721352997305
20180803;95;8178.08;0.4;0.52;0.92;0.436;0.366811266510681;0.832016858924392;0.44086999268847;0.9857;4.83837297128107;0.0349853251470187;0.336273421314437
20180803;100;9409.61;0.81;0.99;1.33;0.864;0.644942202834062;1.39302321005657;0.462980227592812;0.9479;4.20456424502761;0.0534618244763139;0.513866615525622
20180803;101;10349.69;0.87;1.1;1.53;0.939;0.660659642927719;1.5511718855094;0.425910016226706;0.9337;4.19819543095446;0.049790333960111;0.478576828392909
20180803;102;11289.86;0.96;1.22;1.72;1.038;0.686036031489122;1.72848329564102;0.396900585165736;0.9182;4.30273800135548;0.0473972311934351;0.455574702457952
20180803;103;12230.19;1.1;1.51;1.92;1.223;0.780527466979939;1.9254113684007;0.405382184705946;0.9003;4.43803944854624;0.0497793921635194;0.478471657571722
20180803;104;13170.59;1.26;1.7;2.12;1.392;0.83858491679072;2.14221054202674;0.391457749058286;0.8793;4.58504625691201;0.0496633966357438;0.477356726873827
20180803;105;14196.78;1.56;1.78;2.43;1.626;0.937671950040143;2.37887589556751;0.394165980573968;0.8526;4.66979681112521;0.0515176061776904;0.49517909622109
20180803;106;15223.13;1.72;2;2.74;1.804;0.953263217133658;2.63501072832478;0.361768248943601;0.8229;4.80370854244123;0.0488431294592014;0.469472448288772
20180803;107;16261.97;2.08;2.28;3.06;2.14;1.0947019808249;2.90943639032836;0.376259121685542;0.7868;4.90289877661865;0.052507017602629;0.504689162614743
20180803;108;17300.95;2.35;2.61;3.38;2.428;1.1508964425617;3.20040145885013;0.35961002310479;0.749;5.0880619818259;0.0518872793227034;0.498732336121511
20180803;109;18340.33;2.72;3.05;3.71;2.819;1.27259169983608;3.50705440029467;0.362866256003659;0.7108;5.34719329240635;0.0541223372683123;0.520215360190817
20180803;110;19380.19;2.94;3.35;4.03;3.063;1.20617342694958;3.82615969707518;0.315243879619455;0.6687;5.60466819514163;0.0485452037890583;0.466608833788252
20180817;75;5945.53;0.06;0.14;0.09;0.084;0.0808550305566306;0.178610798373945;0.452688366508223;0.9996;7.86242360842351;0.0106074519570454;0.074507150525208
20180817;80;6376.78;0.11;0.16;0.17;0.125;0.118538754781163;0.278469937475609;0.42567882140436;0.999;6.46124521883675;0.0144995167983382;0.101845163665251
20180817;85;6829.76;0.18;0.24;0.28;0.198;0.18391684068005;0.417236946602406;0.440797111036546;0.9977;6.12311274780438;0.0210044182709845;0.147535841797636
20180817;90;7329.57;0.34;0.35;0.43;0.343;0.308011656357208;0.628541384316605;0.49004196707286;0.9922;4.48568508240927;0.0327780609174375;0.230234360578731
20180817;95;7921.35;0.6;0.63;0.81;0.609;0.498328754324402;1.02057554361933;0.488282084986232;0.975;4.42684982702391;0.0490694677514608;0.344665828773482
20180817;100;9184.96;1.1;1.12;1.44;1.106;0.783823276163107;1.71709846874064;0.456481262101399;0.9346;4.92624959995249;0.0665633987962086;0.467543873275292
20180817;105;13836.87;2.03;2.08;2.59;2.045;1.18145277476528;2.80083515685536;0.421821602700729;0.8399;5.3937990333212;0.0665998281632273;0.467799754550361
20180817;110;19040.07;3.65;3.75;4.5;3.68;1.62296991997455;4.27476495017466;0.379662961330362;0.6748;6.32543075038577;0.0664869686708162;0.467007025134916
20180921;70;5604.35;0.09;0.15;0.14;0.108;0.0992651372700442;0.380152546447441;0.261119222264025;0.9992;10.9185784124447;0.0138154838778154;0.0580012124870352
20180921;75;6016.23;0.15;0.21;0.22;0.168;0.151989078794519;0.513053521331404;0.296244100225837;0.9978;7.27769145703682;0.0197052774677372;0.0827281907481727
20180921;80;6530.71;0.23;0.3;0.32;0.251;0.219645358214652;0.700336227391317;0.313628439632216;0.9957;7.29177715938336;0.0262334997890625;0.110135468942012
20180921;85;6981.8;0.37;0.42;0.47;0.385;0.325603268739253;0.963520769270286;0.337930721499492;0.9923;7.7138612026944;0.0363760849088512;0.152716839229401
20180921;90;7684.53;0.62;0.66;0.79;0.632;0.515787839624502;1.32603763562648;0.388969231164257;0.9827;6.71746591765883;0.0523538218872347;0.219795786716235
20180921;95;8260.47;1.01;1.07;1.28;1.028;0.769560750695489;1.8643501164522;0.412776947797734;0.9585;6.22745179047014;0.0726662508964359;0.305072967125554
20180921;97.5;8955.14;1.3;1.37;1.66;1.321;0.933691381414644;2.2328047666611;0.41816973671678;0.9383;6.27728717318242;0.0813252810680149;0.341425964483821
20180921;100;9692.62;1.69;1.76;2.13;1.711;1.13840134823123;2.67954224292183;0.424849188789011;0.9125;6.54398459164312;0.0916112518204941;0.384609307211902
20180921;105;14617.26;2.82;2.89;3.4;2.841;1.63140994112595;3.82097996575029;0.426961134512414;0.8276;7.0161836361604;0.087054602167454;0.365479234961639
20180921;110;19784.28;4.55;4.65;5.34;4.58;2.19655425736846;5.27146586251605;0.416687561800894;0.6951;7.81713920180893;0.0865996801878763;0.363569346995653
20181019;60;4760.89;0.1;0.13;0.1;0.109;0.103832047110893;0.247641063762906;0.419284449570542;0.9991;5.74216987678507;0.0170113144278689;0.0540294138676446
20181019;65;5178.03;0.07;0.16;0.16;0.097;0.0871888278214327;0.368305069055145;0.236729915352803;0.999;9.81117217856728;0.0131338145396449;0.0417141370487418
20181019;70;5609.94;0.13;0.2;0.23;0.151;0.134231724342841;0.513008599589029;0.261655895145566;0.9978;7.621943480527;0.0186634340095287;0.0592766893215685
20181019;75;6061.5;0.21;0.27;0.33;0.228;0.197086847293869;0.703825083678745;0.280022482665349;0.9966;9.09210373709727;0.0253613364495947;0.080549809897517
20181019;80;6543.95;0.31;0.38;0.51;0.331;0.276726640903301;0.952317710949126;0.290582268629134;0.9935;8.34974755333835;0.032984173153;0.104760602122898
20181019;85;7081.38;0.5;0.57;0.7;0.521;0.42007877667749;1.28258710858267;0.327524558656838;0.9866;7.53143457630673;0.0462708463334042;0.146960231506747
20181019;90;7708.55;0.79;0.9;1.05;0.823;0.626187907580567;1.7456116393103;0.358721203204154;0.9729;7.26243883466543;0.0633616656716039;0.201242159883072
20181019;92.5;8081.71;1.01;1.11;1.32;1.04;0.762469475313095;2.04520498846063;0.372808339318097;0.9617;7.2462277986137;0.073589152635298;0.233725547826457
20181019;95;8494.93;1.29;1.37;1.68;1.314;0.919920759649091;2.40094445797559;0.383149537921733;0.9438;7.01208612724037;0.0844666398106036;0.268273392963678
20181019;97.5;8960.17;1.62;1.76;2.12;1.662;1.10536315820884;2.82275247665538;0.391590537020292;0.9252;7.44166900790321;0.0962239849693583;0.305615743565723
20181019;100;10021.29;2.07;2.21;2.56;2.112;1.34067823613985;3.31306012819551;0.404664625531582;0.9004;7.74419441626658;0.104350739694099;0.331427023245825
20181019;105;14910.02;3.3;3.45;3.93;3.345;1.88569355660192;4.49991269626051;0.4190511425186;0.8182;8.0269881375032;0.0986478203348819;0.313314055454918
20181019;110;20240.82;5.1;5.3;5.91;5.16;2.52298781883488;5.95161141994878;0.423916758136839;0.7065;8.98470930550298;0.0972258287308125;0.30879768646895
