Expiry;Strike;ReqMar;Bid;Ask;Last/Close;Premium;E[PnL];S[PnL];Sharpe;Prob(%);LGL;E[Return](%);Ann[Return](%)
20180706;139;10933.37;0.03;0.35;0.03;0.126;0.124566020714534;0.08991115981887;1.38543447738276;0.9996;3.5849482136656;0.00888669240658062;0.324586440150357
20180706;140;11018.05;0.05;0.05;0.05;0.05;0.0479346740461804;0.107381143895605;0.446397498733874;0.9993;2.95046564831373;0.00339343583991911;0.123945244053045
20180706;141;11098.67;0.07;0.31;0.07;0.142;0.13923467404618;0.127900208330382;1.08861960323411;0.9993;3.95046564831373;0.00978523064079035;0.357405549154868
20180706;142;11178.67;0.09;0.34;0.09;0.165;0.161514255306877;0.150290782662855;1.07467838309951;0.9991;3.87304965902596;0.0112697770968607;0.411628608462837
20180706;143;11258.76;0.12;0.3;0.12;0.174;0.169301564976437;0.175084858779297;0.966968623996492;0.9985;3.13229001570878;0.0117291087723356;0.428405697909556
20180706;144;11705.69;0.12;0.33;0.12;0.183;0.1763323685337;0.204594028590485;0.861864687588935;0.9977;2.89897020273907;0.0117497770277776;0.429160605939577
20180706;145;12495.46;0.13;0.25;0.13;0.166;0.156526474968292;0.24031638065963;0.651335021518933;0.9967;2.87076516112352;0.00977080079286942;0.356878498959555
20180706;146;13285.62;0.13;0.31;0.13;0.184;0.170380870156938;0.283755045789557;0.600450538889442;0.9949;2.6704176162867;0.0100030769149209;0.365362384317486
20180706;147;14082.04;0.07;0.11;0.15;0.082;0.0624033390992731;0.336458315194107;0.185471234566671;0.993;2.79952298581813;0.00345650236027117;0.126248748708904
20180706;148;14877.67;-1;-1;-1;-1;-1.02780893440334;0.399723968035218;-2.57129673623371;0.9906;2.95839727695149;-0.0538855189579153;-1.96816857993786
20180706;149;15677.98;-1;-1;-1;-1;-1.03873760728103;0.474461921653036;-2.18929604226625;0.9873;3.05020529771921;-0.0516785538493611;-1.88755917934791
20180706;150;16480.3;0.12;0.17;0.27;0.135;0.0809179638919909;0.56186809602539;0.144015943358233;0.9826;3.10816299471317;0.00382978537015424;0.139882910644884
20180706;152.5;18503.04;0.19;0.23;0.41;0.202;0.0806248320318895;0.848624387387253;0.0950064990238113;0.9609;3.10422424470871;0.00339875874369151;0.124139663113333
20180706;155;20579.16;0.31;0.42;0.73;0.343;0.0731184940062462;1.26255684493871;0.0579130312424036;0.9161;3.21670448145118;0.0027713679919332;0.10122421590536
20180706;157.5;22770.27;0.57;0.73;1.21;0.618;0.0360769878590849;1.83431005566781;0.0196678788014116;0.8266;3.35595739412292;0.00123582419225096;0.0451384786219663
20180713;140;11040.18;0.13;0.19;0.13;0.148;0.135777032147823;0.294539615711998;0.460980543549654;0.9967;3.70392965217479;0.00959278608458396;0.206103830434958
20180713;141;11125.14;0.13;0.16;0.13;0.139;0.12322915317765;0.338471875317153;0.364075015279137;0.9963;4.26239103306745;0.00863977796940689;0.185628170783874
20180713;142;11213.09;0.15;0.2;0.15;0.165;0.145175762979107;0.387179279132979;0.374957470100681;0.9953;4.21792277040273;0.0100986521220916;0.216972511034938
20180713;143;11303.89;0.08;0.16;0.17;0.104;0.0790361383417754;0.44076365110282;0.17931637090314;0.9939;4.09243633741386;0.00545371442101656;0.117174658369194
20180713;144;11756.34;0.09;0.15;0.19;0.108;0.076027747638674;0.500512407203261;0.151899826147164;0.9922;4.09900671299052;0.00504422661799214;0.108376692483625
20180713;145;12554.73;0.11;0.16;0.21;0.125;0.0842681937319801;0.567593882091877;0.148465648398831;0.9897;3.95454429786601;0.00523541255852929;0.112484378647225
20180713;146;13356.07;0.11;0.17;0.24;0.128;0.0754666672526779;0.643223165904345;0.117325791813756;0.9862;3.80676324255957;0.00440728451236694;0.0946918040083545
20180713;147;14158.13;0.14;0.19;0.28;0.155;0.0866794603551977;0.729357306215495;0.118843616998864;0.9821;3.81678992429063;0.00477534667904972;0.102599727913112
20180713;148;14963.44;0.16;0.21;0.31;0.175;0.085797314979278;0.827716738748741;0.103655406448561;0.9759;3.70135622492622;0.00447236101349936;0.0960899917753318
20180713;149;15775.47;0.19;0.4;0.34;0.253;0.1374968213922;0.940031784994317;0.146268268357576;0.9709;3.96918139545705;0.00679837245330351;0.146065031680536
20180713;150;16589.57;0.23;0.28;0.43;0.245;0.0973161503737686;1.0664405195707;0.0912532378392218;0.9641;4.11375625699809;0.00457556146973909;0.0983072839307177
20180713;152.5;18663.42;0.35;0.56;0.66;0.413;0.141241909173079;1.45008573749645;0.0974024538831276;0.9329;4.05004606299435;0.00590292074844811;0.126825988433569
20180713;155;20821.81;0.56;0.76;1.04;0.62;0.113805075740573;1.95134471853233;0.05832135893763;0.8772;4.12210850374126;0.0042632201080332;0.0915965379093603
20180713;157.5;23110;0.89;1.15;1.74;0.968;0.0557657896971894;2.58540177493832;0.0215694868928137;0.7888;4.31929076847922;0.00188218589198649;0.0404393174734156
20180720;115;9026.51;-1;0.04;-1;0.012;0.012;0;∞;1;0;0.00103694561907094;0.0157810161402358
20180720;120;9420.62;-1;0.03;-1;0.009;0.009;0;∞;1;0;0.000745173884521401;0.0113406150550601
20180720;125;9817.07;-1;0.04;-1;0.012;0.012;0;∞;1;0;0.000953441301732594;0.0145101848107429
20180720;130;10221.7;-1;-1;-1;-1;-1.00091249830024;0.0550039325386663;-18.1971079539927;0.9996;2.28124575060438;-0.0763778773270775;-1.16237582057146
20180720;135;10648.25;-1;-1;-1;-1;-1.00603102449311;0.180139440012363;-5.58473493880111;0.9981;3.17422341742662;-0.0736932546760854;-1.12151921960167
20180720;140;11088.5;0.1;0.14;0.16;0.112;0.089594238812061;0.399873389390446;0.224056516860588;0.9948;4.30880022844981;0.00630234082819205;0.0959137494790478
20180720;145;12628.1;0.18;0.23;0.27;0.195;0.122246478489156;0.761653340017307;0.160501467093124;0.982;4.041862306158;0.00755079966277917;0.11491373236792
20180720;150;16697.85;0.36;0.39;0.59;0.369;0.137259056958925;1.38332328530338;0.0992241353971157;0.9468;4.35603276392998;0.00641172752348127;0.0975784782479806
20180720;152.5;18789.76;0.54;0.57;0.89;0.549;0.141634763976;1.8333211307981;0.0772558400144235;0.9103;4.54141846180602;0.0058795384241885;0.0894792253931187
20180720;155;21004.31;0.84;0.87;1.33;0.849;0.153293359100529;2.39640960573784;0.0639679288271468;0.8545;4.78148894088984;0.0056925850027167;0.0866340280100948
20180720;157.5;23344.66;1.31;1.35;2.02;1.322;0.168765530523302;3.07199812123495;0.0549367297319369;0.7747;5.11866164880913;0.00563885333126187;0.0858162991351416
20180727;140;11169.01;0.25;0.32;0.33;0.271;0.221562034793456;0.636405853603749;0.348145815345389;0.9892;4.57758937097633;0.0154730264489776;0.182307190660938
20180727;141;11325.62;0.29;0.35;0.33;0.308;0.246322766238378;0.717188543756696;0.343456080528166;0.9864;4.53509071776632;0.0169643478825826;0.199878324648816
20180727;142;11432.83;0.32;0.38;0.38;0.338;0.261533884120536;0.806216319109923;0.324396663676163;0.9832;4.55155451663478;0.017843038828883;0.210231288137081
20180727;143;11540.21;0.35;0.49;0.45;0.392;0.296975543963839;0.904248469796848;0.328422500986436;0.9794;4.6128376716583;0.0200725051183466;0.23649943530568
20180727;144;12095.02;0.39;0.86;0.53;0.531;0.413283211598668;1.01231771002854;0.408254451645437;0.9751;4.72758186350732;0.0266523664323797;0.314025059336344
20180727;145;12860.36;0.42;0.83;0.6;0.543;0.39666695397187;1.13147671622774;0.35057456179419;0.9687;4.67517718939711;0.0240584419174937;0.283462771302083
20180727;146;13691.35;0.49;1.15;0.68;0.688;0.506831155020264;1.26300417975975;0.401290164468557;0.9618;4.7426399209355;0.0288743112195515;0.340204586223909
20180727;147;14523.56;0.54;0.71;0.75;0.591;0.367209943115058;1.40757473459854;0.260881311726436;0.9526;4.72130921698191;0.01972131871454;0.232361666467282
20180727;148;15374.77;0.59;0.81;0.84;0.656;0.380211111141942;1.56630088743391;0.242744618350339;0.943;4.8384015589133;0.019289047360755;0.227268533823089
20180727;149;16230.9;0.47;0.84;0.94;0.581;0.24252672929525;1.73982522243885;0.139397179766874;0.9306;4.87713646548631;0.0116549820928165;0.137322006754878
20180727;150;17093.82;0.8;1.11;1.1;0.893;0.478738667718792;1.92888791958195;0.248194134484781;0.9181;5.05813592528947;0.0218450972819802;0.25738457362075
20180727;152.5;19315.1;0.86;1.32;1.63;0.998;0.327666925451002;2.47192597314832;0.13255531476684;0.8747;5.34982501635273;0.0132321448945013;0.155904545894084
20180727;155;21635.75;1.28;2.08;2.19;1.52;0.464225791146293;3.11439346862536;0.149058170017032;0.8149;5.70380447786984;0.0167360094794083;0.197187982656577
20180727;157.5;24097.96;2.05;2.34;2.97;2.137;0.528821479155449;3.8486728083114;0.137403594821943;0.7409;6.20678703529352;0.0171168328664024;0.201674942079144
20180803;140;11325.96;0.31;0.6;0.56;0.397;0.324759665402068;0.790737400770394;0.410704824491245;0.9846;4.69093081804753;0.0223656572170141;0.214975165750379
20180803;141;11507.43;0.33;0.6;0.56;0.411;0.32186719600794;0.88506580395615;0.363664706702291;0.9813;4.76646010652725;0.0218168968124241;0.20970056738784
20180803;142;11479.02;0.38;0.47;0.58;0.407;0.297888234969681;0.988482574468582;0.301359116148131;0.978;4.95962568319634;0.0202415209030345;0.194558302890351
20180803;143;11545.73;0.42;0.54;0.63;0.456;0.322549146454549;1.10131670843523;0.29287592205228;0.9731;4.9609982730651;0.0217905956777569;0.209447765034229
20180803;144;12201.18;0.47;1.23;0.68;0.698;0.53443816067645;1.22475433782659;0.436363558119619;0.9671;4.97148447791945;0.0341656926074061;0.328395242759344
20180803;145;13024.45;0.48;1.16;0.73;0.684;0.484378913081938;1.35980417352978;0.356212256522633;0.9603;5.02823896519049;0.0290081770979897;0.278822018027387
20180803;146;13737.61;0.58;0.69;0.85;0.613;0.368928239882184;1.50709584222603;0.244794146162107;0.9504;4.92080161527855;0.0209471681834106;0.201340873131335
20180803;147;14776.49;0.65;0.79;0.96;0.692;0.393596707480111;1.66818827804184;0.235942616706386;0.941;5.05768292406591;0.0207766141914952;0.199701535090622
20180803;148;15652.58;0.65;0.84;1.08;0.707;0.344243071268834;1.84383038745612;0.186699966336804;0.9307;5.23458771617844;0.0171543346585477;0.164884756158804
20180803;149;16528.67;0.83;1.16;1.2;0.929;0.491036095994527;2.03426740488922;0.241382275906479;0.9189;5.40029474729313;0.0231723517304012;0.222728986040238
20180803;150;17404.92;0.86;1.13;1.31;0.941;0.415213883484737;2.23946645943935;0.185407502637341;0.9049;5.52877094127511;0.0186077746475189;0.17885499184227
20180803;152.5;19726.86;1.29;1.41;1.77;1.326;0.511948827266283;2.81703776929717;0.181733036328445;0.8625;5.92037216533612;0.020242455477846;0.194567285875875
20180803;155;22159.47;1.69;1.96;2.37;1.771;0.543013529893301;3.4834237767333;0.155885004150293;0.8028;6.22711191737677;0.019113749260103;0.183718339927701
20180803;157.5;24235.51;2.33;2.86;3.31;2.489;0.679599317765119;4.2291265448687;0.160694959243935;0.7291;6.67921994180466;0.0218723463156662;0.210233539257818
20180817;120;9462.48;0.11;0.13;0.11;0.116;0.109813639509547;0.261832289637731;0.419404496143253;0.9989;5.62396408223019;0.00905202851868078;0.0635817964701568
20180817;125;9909.66;0.11;0.15;0.15;0.122;0.109400120921919;0.400881120542117;0.272899159666027;0.9984;7.8749244238006;0.00861100121690319;0.0604840037398825
20180817;130;10356.98;0.17;0.22;0.24;0.185;0.158964096872533;0.585595423054222;0.271457205118583;0.9956;5.91725071078793;0.0119718291973699;0.0840905887372951
20180817;135;10822.27;0.27;0.31;0.34;0.282;0.22379984775723;0.861147101502849;0.259885735394872;0.9906;6.19150555774147;0.0161300615536888;0.113298172740093
20180817;140;11334.9;0.4;0.46;0.55;0.418;0.289323974872983;1.27193228964675;0.227468063534527;0.9792;6.1863473618758;0.0199095448924055;0.139845409075983
20180817;145;13028.74;0.7;0.73;0.9;0.709;0.412094944672239;1.88429610958963;0.218699673886174;0.9494;5.86768884046959;0.0246711544511861;0.173291137755687
20180817;150;17371.1;1.21;1.26;1.6;1.225;0.558237605558437;2.78992444021933;0.200090582207506;0.8949;6.34407606509575;0.0250660771243952;0.176065089801641
20180817;155;22037.46;2.14;2.21;2.74;2.161;0.751161531577142;4.02919686122261;0.186429593154506;0.801;7.08461541921034;0.0265868205605442;0.186746850187284
20180921;80;6279.47;-1;0.07;-1;0.021;0.021;0;∞;1;0;0.00260850039891902;0.010951204260979
20180921;85;6672.47;-1;0.1;-1;0.03;0.03;0;∞;1;0;0.00350694720246026;0.0147231317896392
20180921;90;7067.07;0.01;0.1;0.01;0.037;0.037;0;∞;1;0;0.00408372918338151;0.0171446216578172
20180921;95;7463.39;0.02;0.11;0.02;0.047;0.047;0;∞;1;0;0.00491197699704826;0.0206218344617457
20180921;100;7870.1;0.05;0.11;0.05;0.068;0.0678280282740058;0.0171971725994156;3.94413836820541;0.9999;1.71971725994156;0.00672238752413877;0.0282224372780654
20180921;105;8285.66;0.04;0.14;0.1;0.07;0.0693280282740058;0.0671971725994156;1.03171049602478;0.9999;6.71971725994156;0.00652643990384889;0.0273997951135725
20180921;110;8711.31;0.07;0.18;0.11;0.103;0.100764395982157;0.133695231846292;0.753687282565211;0.9995;4.47120803568529;0.00902232027858987;0.0378781894454592
20180921;115;9145.95;0.12;0.18;0.16;0.138;0.132706588745669;0.233911630975448;0.567336426120676;0.9992;6.61676406791366;0.0113177022858885;0.0475148363209284
20180921;120;9582.38;0.18;0.23;0.21;0.195;0.18369345888309;0.365354135454606;0.502781934176062;0.9983;6.65090653935902;0.0149525376711015;0.0627748779812625
20180921;125;10025.45;0.24;0.28;0.33;0.252;0.226624910509043;0.553060354679169;0.409765242783508;0.9957;5.9011836025482;0.0176318699107824;0.0740234538495778
20180921;130;10505.24;0.35;0.39;0.44;0.362;0.306639099805449;0.831245533071093;0.368891124951433;0.9916;6.59058335649412;0.0227675424691155;0.0955844239867175
20180921;135;11035.58;0.51;0.55;0.65;0.522;0.413045319301861;1.21661700135224;0.339503162328631;0.9858;7.67286483789713;0.0291942380061086;0.122565464732542
20180921;140;11655.65;0.77;0.84;1.01;0.791;0.568299852167761;1.74028670123725;0.326555303654122;0.9678;6.9161536593863;0.0380308163586633;0.159663858333354
20180921;145;13512.33;1.24;1.31;1.58;1.261;0.815001872561597;2.46990172577773;0.329973400988238;0.9385;7.25200207216915;0.0470460283754205;0.19751220533474
20180921;150;18056.85;-1;-1;-1;-1;-1.87580836246065;3.45121523849876;-0.543521117296817;0.8835;7.51766834730169;-0.0810291120942636;-0.340182565430227
20180921;155;22939.96;-1;-1;-1;-1;-2.65123159607528;4.71636964467397;-0.562133970790272;0.8008;8.28931524134179;-0.0901466543506929;-0.378460523006788
