Expiry;Strike;ReqMar;Bid;Ask;Last/Close;Premium;E[PnL];S[PnL];Sharpe;Prob(%);LGL;E[Return](%);Ann[Return](%)
20180706;110;8634.81;-1;0.96;-1;0.288;0.288;0;∞;1;0;0.0260156274428737;0.950220792350961
20180706;115;9032.94;0.05;0.95;-1;0.32;0.319599072489578;0.0365475533947973;8.74474603093607;0.9997;1.33642503474058;0.0275975791427675;1.00800157818958
20180706;116;9114.96;0.05;0.93;0.01;0.314;0.313282792315793;0.0493962134460258;6.3422430680463;0.9996;1.79301921051828;0.0268087383824305;0.979189169418273
20180706;117;9198.22;0.01;0.99;0.01;0.304;0.302857866119235;0.0654217727004771;4.62931305004254;0.9995;2.28426776152939;0.0256820488717386;0.938036835040253
20180706;118;9283.13;0.02;0.99;0.02;0.311;0.309259298250401;0.0843777587291747;3.66517554991029;0.9993;2.48671678514161;0.0259850128820035;0.949102595515176
20180706;119;9965.68;0.03;0.59;0.03;0.198;0.195266916240677;0.107567951372386;1.81528897547457;0.9989;2.48462159938467;0.0152832716550931;0.558221497202275
20180706;120;10761.52;0.05;1.01;0.05;0.338;0.333846642541313;0.135195125437899;2.46936893220062;0.9979;1.97778926604125;0.0241973607057576;0.883808599777796
20180706;121;11561.81;0.06;1.03;0.08;0.351;0.34425618011366;0.170108306020958;2.02374703602802;0.9968;2.10744371448112;0.0232247217770103;0.8482829629053
20180706;122;12361.39;0.08;0.13;0.13;0.095;0.0840190667899935;0.215113957033755;0.390579337336115;0.9947;2.07187419056727;0.00530157790476596;0.193640132971577
20180706;123;13165.98;0.11;0.14;0.2;0.119;0.101863825053041;0.27173355306062;0.374866570232924;0.9926;2.31569931715663;0.00603477929796126;0.220420313858035
20180706;124;13974.73;0.13;0.18;0.3;0.145;0.118794992916051;0.340787402984957;0.34858974209588;0.9888;2.33973277535258;0.00663054631284611;0.242180704076704
20180706;125;14786.31;0.17;0.22;0.42;0.185;0.145680346875003;0.4243584351397;0.343295513442651;0.9845;2.53675181451592;0.0076848565032454;0.280689383781038
20180706;126;15610.39;0.21;0.26;0.49;0.225;0.16572455013119;0.524516454018858;0.315956818630578;0.9751;2.38054015537389;0.00828071233981523;0.302453018211751
20180706;127;16445.78;0.28;0.34;0.55;0.298;0.207055125323218;0.646695126646458;0.320174247171052;0.9601;2.2793201673379;0.00982033067158322;0.358687577779577
20180706;128;17296.69;0.37;0.44;0.75;0.391;0.250644141068515;0.7967414231519;0.314586556924541;0.9395;2.31993155258653;0.0113028810733985;0.412837731205882
20180706;129;18181.99;0.5;0.58;0.99;0.524;0.310273132152512;0.979103132703348;0.316895250141662;0.9134;2.46797768877007;0.0133105915842523;0.486169357614815
20180706;130;19103.12;0.7;0.77;1.37;0.721;0.399333356795117;1.19537284981971;0.334065941731356;0.8689;2.45359758356127;0.0163051908955287;0.595547097459185
20180713;110;8635.95;0.05;0.96;0.02;0.323;0.321177087020488;0.134386745534677;2.38994616427862;0.9997;6.07637659837315;0.0290087515416348;0.62326155885777
20180713;115;9037.99;0.05;1.01;0.1;0.338;0.333037558415515;0.221876164855879;1.50100646742223;0.999;4.96244158448478;0.0287419321734259;0.617528866255519
20180713;117;9222.55;0.02;1.05;0.18;0.329;0.321181794023585;0.272258012972844;1.1796963862203;0.9981;4.11484525074475;0.0271640489168827;0.583627580405376
20180713;118;9455.6;0.08;1.01;0.25;0.359;0.349076689066289;0.302899077706629;1.15245213590378;0.9976;4.13471288904637;0.0287956150293694;0.618682258204539
20180713;119;10190.84;0.11;0.16;0.32;0.125;0.11184646880519;0.338373148332325;0.330541797883271;0.9961;3.37270030636165;0.00856065306373644;0.183928148913514
20180713;120;11051.81;0.13;0.19;0.42;0.148;0.130263552133306;0.380863389833688;0.342021721200845;0.9948;3.41085535897956;0.00919356835341712;0.197526520063859
20180713;121;11651.51;0.17;0.23;0.45;0.188;0.164288877391212;0.431285068159544;0.380928739527883;0.9934;3.59259433466481;0.0109981731436651;0.236298984748452
20180713;122;12468.23;0.17;0.9;0.48;0.389;0.357254956282415;0.4903669664238;0.728546131253175;0.9901;3.2065700724833;0.0223495127937393;0.480185855759604
20180713;123;13287.67;0.21;0.94;0.5;0.429;0.385349788081561;0.560517105458527;0.687489791709974;0.9854;2.98974054235886;0.0226204319270133;0.486006633020095
20180713;124;14115.2;0.27;0.37;0.53;0.3;0.238866156479562;0.645162424343143;0.370241891757348;0.9797;3.01151938524324;0.0131996430836303;0.283598213899763
20180713;125;14948.87;0.34;0.42;0.69;0.364;0.278651163923658;0.746901627662809;0.37307612355272;0.9721;3.05909806725241;0.0145394205622534;0.31238372708018
20180713;126;15795.93;0.44;0.54;1;0.47;0.351036889805607;0.86795736150114;0.404440247155097;0.9606;3.01936827904551;0.017334134428829;0.372428976478224
20180713;127;16663.88;0.55;1.45;1.35;0.82;0.6537146147949;1.01103216828348;0.646581419763101;0.943;2.91728745973859;0.0305989601185331;0.657427657840837
20180713;128;17548.78;0.71;0.79;1.7;0.734;0.500895906919245;1.1796314568302;0.424620676245113;0.923;3.02732588416565;0.022263587975746;0.478339735773013
20180713;129;18470.18;0.9;0.98;2.05;0.924;0.598518392722763;1.37603142352639;0.434959829034227;0.8918;3.00814794156412;0.0252755710190022;0.543053077334739
20180713;130;19429.92;1.14;1.21;2.4;1.161;0.709177012112642;1.6020076676818;0.442680160912627;0.8539;3.09255980757946;0.0284693951106263;0.611673327303309
20180720;75;5886.88;-1;0.03;-1;0.009;0.009;0;∞;1;0;0.00119248226564836;0.0181480894803359
20180720;80;6279.34;-1;0.03;-1;0.009;0.009;0;∞;1;0;0.00111795188666325;0.0170138302751563
20180720;85;6672.01;-1;0.03;-1;0.009;0.009;0;∞;1;0;0.00105215669640783;0.0160125097234566
20180720;90;7064.34;-1;0.03;-1;0.009;0.009;0;∞;1;0;0.000993723405158868;0.0151232280722615
20180720;95;7457.56;-1;0.03;-1;0.009;0.009;0;∞;1;0;0.000941326653758066;0.0143258150118806
20180720;100;7851.15;0.01;0.03;0.01;0.016;0.016;0;∞;1;0;0.00158957604936856;0.0241913605013278
20180720;105;8254.21;0.03;0.06;0.03;0.039;0.039;0;∞;1;0;0.00368539206053638;0.056087060421288
20180720;110;8680.19;0.04;0.08;0.13;0.052;0.0514014504740628;0.0470037293434949;1.09356111083081;0.9996;1.49637381484302;0.00461892324589312;0.0702942381484359
20180720;115;9128.56;0.1;0.14;0.21;0.112;0.106252276679621;0.167440964354644;0.634565603997458;0.998;2.87386166018931;0.00907884439715625;0.138168663169222
20180720;120;10956.07;0.26;0.28;0.46;0.266;0.236396097348246;0.420278578067644;0.562474771936146;0.9913;3.40274743123609;0.0168298446369576;0.256129198068698
20180720;121;11772.46;0.31;0.33;0.51;0.316;0.276202241589184;0.494823719558864;0.55818310778517;0.9885;3.46067464441878;0.0183001469904815;0.27850536201139
20180720;122;12602.29;0.36;0.38;0.6;0.366;0.312388135590912;0.579822409964288;0.538765198140845;0.9836;3.26901612250537;0.0193347991326109;0.294251474299423
20180720;123;13435.8;0.43;0.46;0.71;0.439;0.366956386069713;0.677261667767727;0.541823645916963;0.9786;3.36652401543397;0.0213032332376469;0.324208580835439
20180720;124;14288.05;0.51;0.55;0.87;0.522;0.425216042744313;0.78882855530291;0.539047477282348;0.9719;3.44426894148354;0.02321300060824;0.353272853006653
20180720;125;15142.76;0.61;0.64;1.03;0.619;0.489109977425879;0.916322242092299;0.533775079287677;0.9615;3.37376682010704;0.0251939397040028;0.383420269870293
20180720;126;16031.53;0.73;0.79;1.19;0.748;0.574821283542633;1.06197985297538;0.541273247258069;0.9515;3.57069518468798;0.0279674242672567;0.425629238067313
20180720;127;16929.87;0.87;0.92;1.43;0.885;0.65530526053426;1.22689085551324;0.534118628066657;0.9356;3.56668850102081;0.0301914960490968;0.459476830497192
20180720;128;17861.78;1.06;1.13;1.7;1.081;0.777940214314056;1.41273435772739;0.550662769726572;0.9169;3.64692882895239;0.0339716068143804;0.517005391206352
20180720;129;18816.21;1.27;1.34;2.02;1.291;0.891821148078494;1.62052856760421;0.55032732276788;0.8908;3.65548399195518;0.0369692140713367;0.562625226648155
20180720;130;19806.34;1.56;1.64;2.43;1.584;1.05846109750079;1.85152262151917;0.571670626758165;0.8558;3.6445138869571;0.0416836051512098;0.634372365894974
20180727;110;8742.19;0.11;1.24;0.52;0.449;0.443181694734505;0.204788793495597;2.16409153630779;0.9986;4.15593233249625;0.0395417763618629;0.465891413424852
20180727;115;9433.38;0.23;0.71;0.52;0.374;0.353028276298711;0.395675848512177;0.892215882334417;0.994;3.4952872835482;0.0291901795022563;0.343926227845133
20180727;120;11282.86;0.37;0.86;0.67;0.517;0.421820073589996;0.801423909797616;0.526338269214502;0.973;3.52518245962977;0.0291610156822115;0.343582612191218
20180727;121;12165.89;0.46;1.27;0.8;0.703;0.576795344005735;0.924813906967314;0.623688008647259;0.9645;3.5550607322328;0.0369804731363241;0.435713477840076
20180727;122;13048.99;0.38;1.38;0.92;0.68;0.51336034232697;1.06518726124133;0.481943749241537;0.9542;3.63842047321027;0.0306859815981954;0.361550154152932
20180727;123;13844.91;0.69;1.44;1.05;0.915;0.697108075456698;1.22376410470049;0.569642525695187;0.9426;3.79602655998785;0.0392739496938748;0.462735810506057
20180727;124;14714.96;0.62;1.6;1.22;0.914;0.630819812765386;1.40120794977193;0.450197140879811;0.927;3.87918064704951;0.0334380422343656;0.393975642777485
20180727;125;15591.11;0.86;1.63;1.39;1.091;0.727409358149149;1.59863433876973;0.45501922516499;0.9111;4.0898834853864;0.036391206229469;0.428770583074631
20180727;126;16494.56;1.09;1.39;1.56;1.18;0.718304759362798;1.81571073876008;0.395605282289247;0.8911;4.23962571751333;0.0339674239448025;0.400212954704488
20180727;127;17403.36;1.28;1.6;1.82;1.376;0.793255778786293;2.05197606149552;0.386581400081321;0.8656;4.33589450307818;0.0355528764246277;0.418893164970815
20180727;128;18351.23;1.5;1.74;2.14;1.572;0.840601079240363;2.3075209276597;0.364287521367316;0.8362;4.46519487643246;0.035728877127445;0.420966850670945
20180727;129;19314.87;1.6;2.09;2.47;1.747;0.836446151962609;2.58206555907569;0.32394458344506;0.8037;4.63858302617112;0.0337785342863211;0.397987408002542
20180727;130;20325.31;1.95;2.4;2.81;2.085;0.961328787888633;2.87440842491932;0.33444404753149;0.7687;4.85806836191685;0.0368917598084917;0.434668234517793
20180803;110;9210.94;0.05;1.42;0.77;0.461;0.448635027597862;0.348084693771983;1.28886743837046;0.9969;3.98870077488328;0.0379912714148971;0.365166102218188
20180803;115;9629.53;0.27;1.49;0.77;0.636;0.592613421278788;0.602344028990117;0.983845431774856;0.9885;3.77274597575755;0.04800218376156;0.461389411023942
20180803;120;11409.76;0.6;0.95;0.84;0.705;0.550404368685455;1.1063805654902;0.49748195679991;0.9625;4.12255016838788;0.0376270322578787;0.361665092952374
20180803;122;13001.41;0.8;0.92;0.86;0.836;0.58911948021196;1.40578650495839;0.419067531331436;0.9415;4.22017982543657;0.0353433354201836;0.339714559532159
20180803;123;13995.58;0.92;1.05;1.13;0.959;0.6475905674134;1.57993476310638;0.409884371516799;0.9274;4.28938612378236;0.0360914404820988;0.346905227265436
20180803;124;14815.72;1.07;1.21;1.4;1.112;0.719886912181584;1.77214903751346;0.406222556310317;0.9114;4.42565561871801;0.037899730252842;0.364286223022382
20180803;125;15733.87;1.24;1.35;1.66;1.273;0.782239026479008;1.98316320521917;0.394440066465713;0.8915;4.5231426130967;0.0387791713452333;0.372739271943328
20180803;126;16978.79;1.44;1.57;1.93;1.479;0.869012558210056;2.21337509035518;0.392618748623672;0.8704;4.70669322368784;0.0399221496587121;0.383725399022226
20180803;127;17598.65;1.68;1.79;2.2;1.713;0.963044449603345;2.4627626262503;0.391042335683662;0.8493;4.97648009553188;0.0426836530467172;0.41026853356088
20180803;128;18589.78;1.94;2.06;2.47;1.976;1.06228276250179;2.72987334054976;0.389132618983656;0.8229;5.15932940428126;0.0445718321976589;0.428417413426182
20180803;129;19597.78;2.25;2.33;2.74;2.274;1.16913221413828;3.01335613922754;0.387983417863771;0.7939;5.36083350733488;0.0465319606112457;0.447257858243618
20180803;130;20638.47;2.59;2.66;3.12;2.611;1.28579438791261;3.31214449904051;0.388206006194806;0.7639;5.61289967000164;0.0485946692061881;0.467084287567374
20180817;90;7094.73;0.04;0.09;0.04;0.055;0.0541356076275189;0.0633420180804743;0.854655555159944;0.9998;4.32196186240532;0.00595170978310165;0.0418050384284207
20180817;95;7520.33;0.07;0.1;0.11;0.079;0.0771356076275189;0.132871255170155;0.580528930269674;0.9998;9.32196186240532;0.00800041673031167;0.056195234822045
20180817;100;7950.86;0.12;0.15;0.15;0.129;0.124762800254375;0.213259096904324;0.58502920656345;0.9991;4.70799971736167;0.0122395544882456;0.0859711014775325
20180817;105;8395.31;0.18;0.22;0.24;0.192;0.181995672301624;0.336681387717201;0.540557568494084;0.9982;5.55795983243103;0.0169090390224145;0.118769740441094
20180817;110;8870.11;0.29;0.33;0.35;0.302;0.276998087430383;0.523742395917274;0.528882308535007;0.9951;5.10243113665644;0.0243580415796083;0.171091820902922
20180817;115;9426.79;0.51;0.53;0.65;0.516;0.44817200102771;0.834888002317891;0.536804936450703;0.9867;5.09984954678874;0.0370830538074587;0.26047279621489
20180817;120;11433.03;0.91;0.93;1.18;0.916;0.7281333631756;1.355352962293;0.537227853874856;0.9602;4.72026725689448;0.0496757222955741;0.348924184008816
20180817;125;15948.58;1.68;1.7;2.14;1.686;1.17763780699982;2.20352637602778;0.534433270148873;0.9022;5.19797743353962;0.0575949388258932;0.404549065503028
20180817;130;20928.41;3.05;3.15;3.8;3.08;1.83138974928034;3.44531882818902;0.531558860183337;0.7905;5.95995346405564;0.0682557348808948;0.479430907023977
20180921;70;5524.77;-1;0.05;-1;0.015;0.015;0;∞;1;0;0.00211773521793667;0.0088908366477169
20180921;75;5917.4;0.01;0.08;0.01;0.031;0.0305451297304181;0.0454870269581893;0.671512995529352;0.9999;4.54870269581893;0.00402629553346506;0.0169034993517024
20180921;80;6318.22;0.04;0.1;0.04;0.058;0.0570451297304181;0.0954870269581893;0.597412355873184;0.9999;9.54870269581893;0.00704236338553044;0.0295657842133907
20180921;85;6732.44;0.06;0.13;0.11;0.081;0.0795451297304181;0.145487026958189;0.546750671819544;0.9999;14.5487026958189;0.00921585653785643;0.0386907080511731
20180921;90;7159.86;0.11;0.14;0.15;0.119;0.116515681383553;0.201453296942881;0.578375649104365;0.9997;8.28106205482291;0.0126932972822334;0.053289963590066
20180921;95;7596.83;0.16;0.2;0.2;0.172;0.166929801638549;0.275259555094775;0.60644507538012;0.9992;6.33774795181375;0.0171394180570143;0.0719560051186722
20180921;100;8044.8;0.24;0.28;0.28;0.252;0.241653903724741;0.38854713367226;0.621942314799256;0.9987;7.95853559635296;0.0234300473480134;0.0983658022282976
20180921;105;8521.43;0.34;0.38;0.42;0.352;0.330850709696213;0.546789052388359;0.605079249943039;0.9965;6.04265437251058;0.03028406659012;0.12714086577059
20180921;110;9057.88;0.53;0.58;0.64;0.545;0.496842292556665;0.790963454694926;0.628148228097715;0.9923;6.25424771991362;0.0427845133954302;0.179621189858401
20180921;115;9699;0.87;0.9;1.05;0.879;0.770693165421012;1.164728139058;0.661693608642724;0.9821;6.05066114966412;0.061979654503391;0.260207687440961
20180921;120;11854.04;1.44;1.47;1.72;1.449;1.20527034555785;1.72595668694706;0.698320157552605;0.9608;6.21759322556518;0.0793072125229136;0.332953556022922
20180921;125;16494.96;2.36;2.41;2.82;2.375;1.84200522515339;2.5423202975915;0.724537040788463;0.9172;6.43713496191556;0.0871032167170848;0.365683332251899
20180921;130;21561.9;3.85;3.95;4.55;3.88;2.73920985890673;3.66858803138193;0.746665974885953;0.8297;6.69870899056532;0.099090696550269;0.416010079482595
