Expiry;Strike;ReqMar;Bid;Ask;Last/Close;Premium;E[PnL];S[PnL];Sharpe;Prob(%);LGL;E[Return](%);Ann[Return](%)
20180706;19.5;1962.31;-1;0.02;-1;0.006;0.006;0;∞;1;0;0.00238494427485973;0.0871100896392517
20180706;20.5;1962.34;-1;0.02;-1;0.006;0.006;0;∞;1;0;0.00238490781414026;0.087108757911473
20180706;21;1962.4;-1;0.02;-1;0.006;0.006;0;∞;1;0;0.00238483489604566;0.0871060945780677
20180706;21.5;1962.51;-1;0.02;-1;0.006;0.006;0;∞;1;0;0.00238470122445236;0.0871012122231224
20180706;22;1962.67;-1;0.02;-1;0.006;0.006;0;∞;1;0;0.00238450681979141;0.0870941115928811
20180706;22.5;1962.88;-1;0.02;-1;0.006;0.006;0;∞;1;0;0.00238425171177046;0.087084793772416
20180706;23;1963.16;-1;0.02;-1;0.006;0.006;0;∞;1;0;0.00238391165264166;0.0870723731127366
20180706;23.5;1963.7;-1;0.04;-1;0.012;0.0119195741741815;0.00551519715677263;2.16122358555113;0.9997;0.268086086061549;0.00473456630639181;0.172930034340961
20180706;24;1963.2;-1;0.04;-1;0.012;0.0116379341570707;0.0152786997936765;0.761709720999128;0.9992;0.452582303661563;0.0046238735954132;0.168886983072467
20180706;24.5;1963.8;-1;0.03;-1;0.009;0.00810742400732488;0.0287264174694146;0.282228858365544;0.9985;0.595050661783411;0.00322018063230136;0.117617097594807
20180706;25;2193.06;0.01;0.04;0.01;0.019;0.016531928199999;0.0483575793992493;0.341868397992139;0.9947;0.465673924528483;0.00587986831003222;0.214762190023927
20180706;25.5;2593;0.04;0.04;0.04;0.04;0.0332950006657771;0.0811962114586319;0.410056085963326;0.9872;0.523828072986162;0.0100154649129603;0.365814855945876
20180706;26;2998.08;0.02;0.05;0.04;0.029;0.0121365661032011;0.132150703019276;0.0918388311671015;0.9701;0.563994444708994;0.00315752800475532;0.115328710373688
20180706;26.5;3418.74;0.05;0.07;0.08;0.056;0.0150367035835263;0.208170826227205;0.0722325210311397;0.9302;0.586866710837732;0.0034306875618358;0.125305863196053
20180706;27;3860.4;0.1;0.13;0.16;0.109;0.0126053957662568;0.317049553551663;0.0397584403606571;0.8364;0.589209072333394;0.00254694039417684;0.0930269978973091
20180706;27.5;4347.87;0.22;0.24;0.29;0.226;0.00736200954054937;0.460863575417506;0.0159743792593719;0.662;0.646857959939203;0.00132073117218972;0.0482397060642295
20180713;19.5;1962.33;-1;0.02;-1;0.006;0.006;0;∞;1;0;0.00238491996758955;0.0512407069507108
20180713;20;1962.34;-1;0.03;-1;0.009;0.009;0;∞;1;0;0.00357736172121039;0.0768606687454174
20180713;20.5;1962.37;-1;0.03;-1;0.009;0.009;0;∞;1;0;0.00357730703180338;0.0768594937274226
20180713;21;1962.46;-1;0.02;-1;0.006;0.00598920636459505;0.0010793635404951;5.54883145473657;0.9999;0.10793635404951;0.00238047194051555;0.0511451397807825
20180713;21.5;1962.63;-1;0.02;-1;0.006;0.00593920636459505;0.0060793635404951;0.976945419538336;0.9999;0.60793635404951;0.00236039445253774;0.0507137690464358
20180713;22;1962.9;-1;0.02;-1;0.006;0.00588920636459505;0.0110793635404951;0.531547353155259;0.9999;1.10793635404951;0.00234020121472522;0.0502799113928463
20180713;22.5;1963.36;-1;0.02;-1;0.006;0.00583920636459505;0.0160793635404951;0.363149097903613;0.9999;1.60793635404951;0.0023197890169832;0.0498413493207714
20180713;23;1964.28;-1;0.03;-1;0.009;0.00867244064898239;0.0216524766954623;0.400528806517541;0.9991;0.363954834464016;0.0034437573595446;0.0739901397396273
20180713;23.5;1964.6;-1;0.04;-1;0.012;0.0109354734787783;0.0335089728546147;0.326344633905194;0.9978;0.483875691464391;0.00434168243583788;0.0932823240993992
20180713;24;1967.63;0.01;0.03;0.01;0.016;0.0134293471052314;0.0534711678322495;0.251151183893386;0.996;0.642663223692152;0.00532360796596946;0.114379282915903
20180713;24.5;1973.38;0.02;0.04;0.02;0.026;0.0205685470880158;0.0817375685215137;0.251641288823046;0.9921;0.687525685061294;0.00812994290438349;0.174674214460357
20180713;25;2209.34;0.02;0.04;0.04;0.026;0.0146465926097525;0.120872207428131;0.1211741964625;0.9839;0.705180583245187;0.0051709298865756;0.111098949474808
20180713;25.5;2618.65;0.04;0.06;0.05;0.046;0.0224998180003364;0.175810549174318;0.127977633344559;0.9668;0.707836807218783;0.00670187235417578;0.143991698668394
20180713;26;3035.57;0.06;0.08;0.1;0.066;0.0192788898903974;0.251473506123765;0.0766637018251502;0.9384;0.75845957970134;0.00495377609954967;0.106433336491795
20180713;26.5;3468.38;0.11;0.13;0.16;0.116;0.0259531980158491;0.351374849854656;0.0738618544457137;0.8823;0.765053542771036;0.00583658493370458;0.12540074394327
20180713;27;3925.96;0.19;0.21;0.26;0.196;0.024304507443931;0.478393863474711;0.050804387973124;0.7839;0.794518706876766;0.00482875928594946;0.103747313481944
20180713;27.5;4429.12;0.32;0.35;0.41;0.329;0.0166645062901555;0.630114433597573;0.0264467934737048;0.6462;0.882802412972992;0.00293473983687986;0.0630537485541393
20180720;20;1964.22;-1;0.02;-1;0.006;0.00588367432295786;0.0116325677042141;0.505793258424484;0.9999;1.16325677042141;0.00233643174996036;0.0355575706947092
20180720;21;1967.52;-1;0.02;-1;0.006;0.00550648940411868;0.0259022069208683;0.212587654053614;0.9995;0.987021191762645;0.00218298250346252;0.0332222649745702
20180720;21.5;1967.33;-1;0.03;-1;0.009;0.0081597981724092;0.0363499550109082;0.224478907056708;0.9991;0.933557586211996;0.00323516775247629;0.0492352092329985
20180720;22;1967.95;0.01;0.04;0.01;0.019;0.017527239192649;0.0495106395027514;0.35400954963781;0.9984;0.92047550459437;0.00694694812889871;0.105723866836677
20180720;22.5;1969.84;0.01;0.03;0.01;0.016;0.0136953249570798;0.0657736577400534;0.208218995683738;0.998;1.15233752146008;0.00542295489304831;0.0825305947785789
20180720;23;1974.37;0.02;0.04;0.02;0.026;0.0225974486691287;0.0845080225767498;0.267400040612781;0.9972;1.2151969038826;0.00892740973673648;0.135864016930958
20180720;23.5;1979.79;0.01;0.03;0.04;0.016;0.0106743885419341;0.106708501948269;0.100033158998979;0.9949;1.04423754079724;0.00420550819163072;0.0640025777913801
20180720;24;1986.58;0.02;0.04;0.05;0.026;0.0172252834979328;0.13494479307925;0.127646892517126;0.9907;0.943517903448091;0.00676324191745993;0.102928087931343
20180720;24.5;1995.2;0.03;0.05;0.06;0.036;0.0209871479651274;0.172282635101387;0.121818127246409;0.9836;0.915417807004428;0.00820467893584571;0.124864957554902
20180720;25;2235.24;0.04;0.06;0.08;0.046;0.0199368670141703;0.221953892497463;0.0898243630234966;0.971;0.898728723649301;0.00695708571386196;0.105878148207837
20180720;25.5;2647.12;0.07;0.08;0.11;0.073;0.0276180925905214;0.287577394137205;0.0960370778564904;0.9493;0.895106655019301;0.00813794320643066;0.123849323172867
20180720;26;3070.93;0.1;0.12;0.16;0.106;0.027134475629024;0.373063903604524;0.0727341224032991;0.9134;0.910687348394642;0.00689201349123513;0.104887830319735
20180720;26.5;3512.08;0.16;0.18;0.23;0.166;0.0291685025175442;0.481575355510113;0.0605689269266015;0.8509;0.917716280901783;0.00647805060354105;0.0985878326226404
20180720;27;3984.7;0.26;0.28;0.33;0.266;0.0324018682654457;0.614409828647199;0.0527365721619197;0.7588;0.968483133227837;0.00634262485182012;0.0965268219636375
20180720;27.5;4498.55;0.41;0.43;0.49;0.416;0.0317936732113448;0.766980189065306;0.0414530566299121;0.6351;1.05290854148713;0.00551267966452501;0.08389609364449
20180727;21.5;1975.4;0.05;0.05;0.05;0.05;0.0471328656067885;0.0613347074297018;0.768453418658749;0.9965;0.819181255203279;0.0186107295602385;0.219276418447648
20180727;22;1986.2;0.07;1.16;0.07;0.397;0.391975595610803;0.0872977932874794;4.49009741082449;0.9948;0.966231613307121;0.153932617347914;1.81367382213953
20180727;22.5;2003.43;0.11;1.19;0.11;0.434;0.425658640226101;0.118858357049244;3.58122601383214;0.9915;0.981336443988161;0.165722655334281;1.95258709228536
20180727;23;2021.38;0.11;1.22;0.11;0.443;0.429099512252614;0.157764038372945;2.71988164525966;0.9859;0.985850194850065;0.165578772698374;1.9508918299381
20180727;23.5;2040.43;0.12;1.1;0.12;0.414;0.390693129741674;0.20675556232647;1.88963781842426;0.9762;0.979280262954893;0.149351186366847;1.75969422001583
20180727;24;2058.99;0.01;1.09;0.13;0.334;0.295021382753099;0.268655586889076;1.09813976388628;0.9591;0.953022426574596;0.111761921401958;1.31680779974404
20180727;24.5;2078.71;0.07;1.09;0.15;0.376;0.311623739285995;0.346851689480157;0.898435120074059;0.9371;1.02346996365668;0.116931422200824;1.377716192221
20180727;25;2332.75;0.07;0.2;0.21;0.109;0.00536440963512525;0.443093675741216;0.0121067167707857;0.9042;1.08179113115736;0.00179369393008153;0.0211337647729768
20180727;25.5;2762.51;0.17;1.19;0.27;0.476;0.314684495285807;0.55838327391274;0.563563613001387;0.8616;1.16557445602741;0.08885177115121;1.04687449719289
20180727;26;3209.13;0.24;0.36;0.33;0.276;0.0327413988556792;0.691823207059223;0.0473262511601123;0.8062;1.25520434026997;0.0079580107715891;0.093763336591062
20180727;26.5;3680.59;0.35;0.42;0.41;0.371;0.0141732190119454;0.841199880958632;0.0168488124318248;0.7374;1.35882247139396;0.00300362464423296;0.0353894806872931
20180727;27;4183.82;0.49;0.54;0.56;0.505;-0.00137030968033632;1.00356447067189;-0.00136544260023364;0.6648;1.51065128186258;-0.0002554702522246;-0.00301001643951727
20180727;27.5;4723.39;0.66;0.78;0.75;0.696;0.000478361339343013;1.17355135800267;0.000407618581053973;0.58;1.65600390157299;7.89945028226656E-05;0.000930733617934794
20180803;21.5;1976.89;0.03;1.18;0.03;0.375;0.370627223095745;0.0761275893854332;4.86850071160487;0.9948;0.840918635433612;0.146234354979124;1.40558153042435
20180803;22;1988.68;0.04;0.98;0.04;0.322;0.314287991953091;0.108054948349397;2.90859416208166;0.9917;0.929157596013093;0.123270025204362;1.18485201857614
20180803;22.5;2003.39;0.06;0.54;0.06;0.204;0.191177181223493;0.147143014869079;1.29926100395315;0.9873;1.00967076980366;0.074432936849203;0.715437636425563
20180803;23;2016.57;0.08;0.55;0.08;0.221;0.199890464426662;0.194905749089926;1.02557500412385;0.9784;0.977293313580465;0.077316712166102;0.743156029438651
20180803;23.5;2034.65;0.03;0.54;0.1;0.183;0.148497832875415;0.254108072133402;0.584388491198567;0.9671;1.04869808889315;0.056927879312326;0.547181787337554
20180803;24;2053.56;0.07;0.62;0.13;0.235;0.179791082656504;0.32673861799385;0.550259665540629;0.948;1.06170994891339;0.0682897234422528;0.656390039139022
20180803;24.5;2076.61;0.13;0.15;0.16;0.136;0.0490115291458499;0.415207756118209;0.118040976893255;0.9246;1.15369324740252;0.0184093270925995;0.176947545278209
20180803;25;2337.44;0.14;0.82;0.21;0.344;0.211880112574222;0.520332020619012;0.407201756144394;0.8917;1.21994355887145;0.0707040556368906;0.679596218983534
20180803;25.5;2776.25;0.21;0.69;0.27;0.354;0.157160398896484;0.641916182853503;0.244830093234074;0.8458;1.2765214079346;0.0441549252190032;0.424410169374761
20180803;26;3231.09;0.31;0.34;0.35;0.319;0.0322670592317085;0.779890132673652;0.0413738523926303;0.7936;1.3892099843425;0.00778941663671784;0.0748706428042419
20180803;26.5;3709.96;0.39;0.44;0.47;0.405;-0.000740197086654629;0.932375619131979;-0.000793882928152644;0.7275;1.48895485169415;-0.000155622628705056;-0.001495820135119
20180803;27;4221.41;0.55;0.59;0.62;0.562;0.00276233548654943;1.09580957652448;0.0025208170705266;0.6578;1.63424215228945;0.000510403320101236;0.00490591612281516
20180803;27.5;4762.55;0.73;0.78;0.81;0.745;-0.0037515614207774;1.26638278117032;-0.00296242295501713;0.5812;1.787849955637;-0.000614422506473711;-0.00590573211814535
20180817;18;1965.31;-1;0.02;-1;0.006;0.00530382451309435;0.0364358122723516;0.145566248762321;0.9994;1.16029247817608;0.00210500283426716;0.01478562086954
20180817;19;1973.71;0.01;0.03;0.01;0.016;0.0145350561419877;0.0583638309298425;0.24904218777996;0.9988;1.22078654834359;0.00574417913003957;0.0403473351393645
20180817;20;1983.59;0.03;0.04;0.03;0.033;0.0299946740655063;0.087677996075271;0.342100360502721;0.9975;1.20213037379746;0.011794698385803;0.0828464151041258
20180817;21;1995.12;0.02;0.05;0.04;0.029;0.0222875844343348;0.129591625528021;0.171983215300558;0.9942;1.15731302856297;0.00871341867094769;0.0612033878762239
20180817;22;2010.54;0.04;0.07;0.06;0.049;0.0324186942965581;0.196156395188981;0.165269627152993;0.9853;1.12797997982598;0.0125770099333091;0.0883414015027144
20180817;23;2032.66;0.07;0.1;0.09;0.079;0.0397256064777311;0.300265073099453;0.132301789441136;0.9676;1.2121726395762;0.0152440511706976;0.10707480173264
20180817;24;2072.65;0.12;0.15;0.15;0.129;0.0431124651332911;0.451678234345701;0.0954495077579809;0.9344;1.30926120223642;0.0162245062137684;0.113961555664979
20180817;25;2371.56;0.22;0.24;0.25;0.226;0.0466283642148445;0.659222672656214;0.070732343029047;0.874;1.4235844109933;0.0153359493698573;0.107720298218084
20180817;26;3284.56;0.37;0.39;0.42;0.376;0.024596299428753;0.926215304199483;0.0265557039677846;0.7765;1.57227606519574;0.00584099957206669;0.0410274056480261
20180817;27;4284.04;0.64;0.66;0.69;0.646;0.0147959347157676;1.24340921306589;0.0118994893718739;0.6597;1.85484591620403;0.00269391254010203;0.0189221452936974
