Expiry;Strike;ReqMar;Bid;Ask;Last/Close;Premium;E[PnL];S[PnL];Sharpe;Prob(%);LGL;E[Return](%);Ann[Return](%)
20180706;70;5494.39;-1;0.03;-1;0.009;0.009;0;∞;1;0;0.00127766685655732;0.0466667819357563
20180706;75;5886.99;-1;0.03;-1;0.009;0.009;0;∞;1;0;0.00119245998379477;0.0435546009081041
20180706;78.5;6933.22;0.01;0.03;0.01;0.016;0.0158048639848648;0.0193188235378349;0.81810695945909;0.9998;0.975680075675875;0.00177807626300544;0.0649442355062736
20180706;79;7329.55;0.01;0.04;0.01;0.019;0.0186770558164084;0.0250208906370535;0.746458472934995;0.9997;1.07648061197186;0.00198758498636323;0.0725965416269168
20180706;79.5;7726.32;0.02;0.03;0.02;0.023;0.0225077201079386;0.0320566679496799;0.702122882617417;0.9996;1.23069973015359;0.0022722359006865;0.0829934162725742
20180706;80;8123.07;0.04;0.03;0.04;0.037;0.0360265408893209;0.041293896694976;0.872442268053236;0.9985;0.648972740452719;0.00345936965872143;0.1263534767848
20180706;80.5;8522.12;0.05;0.04;0.05;0.047;0.0451094977102538;0.0557261586893246;0.809485146136501;0.9978;0.859319222611931;0.00412871541517814;0.150801330539382
20180706;81;8919.51;0.02;0.05;0.08;0.029;0.0257248939717854;0.074949671929972;0.343228906936657;0.9965;0.935744579489899;0.0022496098213907;0.0821669987262954
20180706;81.5;9320.85;0.02;0.06;0.1;0.032;0.026359986884548;0.0996974555409555;0.26439979577733;0.9935;0.867694325454148;0.00220589214180547;0.0805702104794446
20180706;82;9722.96;0.12;0.08;0.12;0.108;0.098388268901996;0.131826957137014;0.746344078925651;0.9903;0.990900113196288;0.00789295129709028;0.288290046126222
20180706;82.5;10130.32;0.06;0.1;0.16;0.072;0.0560769526966024;0.1725184336217;0.325049048495122;0.9846;1.03396411061023;0.00431773360598183;0.157705219958486
20180706;83;10541.54;0.08;0.12;0.2;0.092;0.0664630976570598;0.223154097163602;0.297834987131485;0.9767;1.09600439240087;0.00491780291802778;0.179622751580965
20180706;83.5;10960.25;0.11;0.16;0.26;0.125;0.0842845044450216;0.285094202044373;0.295637385259428;0.9617;1.06306776905949;0.00599821294834669;0.219084727938363
20180706;84;11391.18;0.15;0.2;0.34;0.165;0.0997581251147558;0.36163393657537;0.275853881578298;0.94;1.08736458142074;0.00683084084260889;0.24949646177629
20180706;84.5;11835.35;0.22;0.27;0.42;0.235;0.131870462130657;0.455139718891727;0.289736220894462;0.9057;1.09363242703439;0.0086908254054094;0.317432397932578
20180706;85;12296.38;0.32;0.35;0.54;0.329;0.167738513053102;0.567510096708857;0.29556921370362;0.8596;1.14858608936537;0.0106402079458686;0.38863359522285
20180706;85.5;12778.65;0.43;0.48;0.7;0.445;0.199914863540831;0.699201968987452;0.285918622097615;0.8036;1.24788766017907;0.0122026656620103;0.445702363304928
20180706;86;13287.22;0.57;0.62;0.85;0.585;0.224626068517385;0.847834392459202;0.26494097257112;0.7321;1.34518078194332;0.0131862295832808;0.481627035529332
20180706;86.5;13827.45;0.76;0.8;1.06;0.772;0.256478311605248;1.00860250150895;0.254290774831053;0.6455;1.45422197008393;0.0144678218364263;0.528437192575472
20180713;75;5890.35;0.01;0.05;0.01;0.022;0.0219564627993794;0.00364892812165067;6.0172363136183;0.9998;0.217686003103076;0.00290747425594675;0.0624679395285029
20180713;79.5;7742.04;0.04;0.08;0.11;0.052;0.046604975867254;0.112916423304875;0.412738683206609;0.9958;1.28452955541571;0.00469538793088877;0.100881790691596
20180713;80;8147.48;0.13;0.09;0.13;0.118;0.109927624401114;0.13909991580232;0.790278151982035;0.9934;1.22308721195239;0.0105239346439475;0.226109831100107
20180713;80.5;8552.88;0.07;0.1;0.16;0.079;0.0669531421206482;0.171046596124961;0.391432180689142;0.9911;1.35357953700582;0.00610594920706307;0.131188114581164
20180713;81;8963.04;0.09;0.13;0.19;0.102;0.0846156054970836;0.208923468441596;0.405007662031696;0.9872;1.35815582054035;0.00736359229544052;0.158208946229979
20180713;81.5;9374.9;0.11;0.16;0.23;0.125;0.0996592269103797;0.253790508211515;0.392683034573229;0.9808;1.31983193175106;0.00829173612412891;0.178150389372829
20180713;82;9793.6;0.12;0.19;0.27;0.141;0.10421906610361;0.307372026212926;0.339064902514632;0.9734;1.38274187580412;0.00830040756829114;0.178336697901079
20180713;82.5;10216.58;0.19;0.24;0.33;0.205;0.152281210723156;0.370578819143367;0.410927993875015;0.961;1.35176382761139;0.0116261355917598;0.249790942640605
20180713;83;10644.96;0.21;0.28;0.39;0.231;0.155180389521109;0.444948133431754;0.3487606259279;0.9455;1.39118551337414;0.0113707053691574;0.244302949181454
20180713;83.5;11084.99;0.27;0.33;0.46;0.288;0.180037445653663;0.53208566904892;0.338361764141238;0.9249;1.43758394602313;0.012668410851959;0.272184533157532
20180713;84;11531.98;0.37;0.41;0.55;0.382;0.229375796400287;0.632904638527648;0.362417625716717;0.8962;1.47036805009357;0.0155145188590532;0.333334000780539
20180713;84.5;11995.66;0.46;0.5;0.66;0.472;0.258281811626918;0.748247122717355;0.345182498916848;0.8594;1.5200440140333;0.0167943917274244;0.360832445790693
20180713;85;12488.3;0.56;0.61;0.81;0.575;0.28123363400413;0.878268187883449;0.320213845706832;0.8201;1.63294255695314;0.017565419994973;0.377398214891993
20180713;85.5;12985.32;0.69;0.74;0.96;0.705;0.309662218864485;1.02174158004313;0.303072934402271;0.7716;1.73090096819402;0.018600737657162;0.399642319369318
20180713;86;13511.85;0.86;0.9;1.13;0.872;0.348266511930793;1.17601961747184;0.296140053071124;0.7118;1.81725707171828;0.0201044179224916;0.431949332128827
20180713;86.5;14051.51;1.05;1.09;1.34;1.062;0.376517036231535;1.33760047584429;0.281486918576251;0.6402;1.90517777589901;0.0209004788994633;0.449052936354645
20180720;65;5102.01;-1;0.03;-1;0.009;0.009;0;∞;1;0;0.001375928310607;0.0209399089770502
20180720;70;5497.24;0.01;0.04;0.01;0.019;0.019;0;∞;1;0;0.0026958983053314;0.0410282023342623
20180720;74;5829.75;0.05;0.05;0.05;0.05;0.0493337061324918;0.0441943560607394;1.11628973764634;0.9996;1.66573466877047;0.0066006759781026;0.100454037541749
20180720;75;5917.94;0.03;0.06;0.08;0.039;0.0376754614934738;0.0623314833247143;0.604437107604266;0.9992;1.65567313315771;0.00496572455363008;0.0755721205505578
20180720;76;6007.25;0.04;0.08;0.09;0.052;0.049664222319386;0.0862930051017748;0.575530105375419;0.9986;1.66841262900997;0.00644855689527173;0.0981389752499167
20180720;77;6098.21;0.06;0.09;0.11;0.069;0.0650742624565894;0.116741953458488;0.557419681003788;0.998;1.9628687717053;0.0083234137092917;0.126671952388283
20180720;77.5;6191;0.07;0.1;0.12;0.079;0.0739546894341047;0.134480555854943;0.549928493111493;0.9975;2.0181242263581;0.0093175024646425;0.141800740633778
20180720;78;6592.94;0.09;0.1;0.14;0.093;0.0864242754492593;0.154365457880046;0.559867969402958;0.9964;1.82659015298353;0.0102247153546706;0.155607386803894
20180720;79;7402.17;0.12;0.13;0.18;0.123;0.111041991603427;0.204148191913398;0.543928361856532;0.9928;1.66083449952396;0.011700994904288;0.178074516199633
20180720;79.5;7809.61;0.13;0.15;0.2;0.136;0.120005196580725;0.235482837570414;0.509613345154469;0.9909;1.7576707054148;0.01198575259622;0.182408172323723
20180720;80;8217.62;0.15;0.17;0.23;0.156;0.134244034013983;0.271897654745999;0.493730018154775;0.9861;1.56517740906597;0.0127421743194388;0.193919965423959
20180720;80.5;8632.47;0.18;0.2;0.27;0.186;0.156016370674362;0.314852627893297;0.495521894539293;0.9805;1.53762201669941;0.0140970972532777;0.21454019882332
20180720;81;9048.32;0.21;0.23;0.31;0.216;0.174810862490084;0.365623224483614;0.478117501252763;0.9747;1.62802915058958;0.0150693689814535;0.229336959186495
20180720;81.5;9469.62;0.24;0.27;0.36;0.249;0.193017771143742;0.424776565819688;0.454398351216192;0.9649;1.59493529505008;0.0158986169975267;0.24195707743111
20180720;82;9896.02;0.29;0.31;0.42;0.296;0.219565931716381;0.493394969323938;0.445010479164868;0.9528;1.6193658534665;0.0173060914123837;0.263377078682214
20180720;82.5;10328.7;0.34;0.36;0.48;0.346;0.242352501985489;0.572637032989914;0.423221845642941;0.9367;1.63740123245672;0.0183019113294685;0.278532213045349
20180720;83;10770.61;0.4;0.42;0.56;0.406;0.265801871996788;0.663420123002423;0.400653918656937;0.9174;1.69731389834398;0.0192491846011966;0.292948528149461
20180720;83.5;11220.62;0.47;0.49;0.66;0.476;0.289565451540931;0.766466043756229;0.37779292885808;0.8964;1.79956127856244;0.0201291062527674;0.306339835784303
20180720;84;11680.75;0.55;0.58;0.76;0.559;0.313641109337525;0.881320147815207;0.355876477027152;0.8675;1.85176521254698;0.0209438662143501;0.31873946394964
20180720;84.5;12156.47;0.66;0.68;0.9;0.666;0.346481470290661;1.0079444211923;0.343750570969785;0.8358;1.9459106559643;0.0222314164248927;0.338334368716336
20180720;85;12642.98;0.78;0.81;1.04;0.789;0.377817553068851;1.14571853866136;0.329764719972399;0.797;2.02552929522734;0.0233091954107104;0.354736817656749
20180720;85.5;13154.28;0.92;0.95;1.2;0.929;0.405746963745737;1.29362920441789;0.313650126605107;0.7534;2.12186957118517;0.0240592895788804;0.366152313278586
20180720;86;13679.83;1.09;1.13;1.37;1.102;0.442176049426113;1.44958651160937;0.305035985010097;0.7009;2.20603126236672;0.0252121056001696;0.383696732102581
20180720;86.5;14224.99;1.3;1.33;1.6;1.309;0.485219216941336;1.61166641282839;0.301066779749912;0.6421;2.30170657462605;0.0266060636397102;0.40491103101684
20180727;75;5906.58;0.11;0.08;0.11;0.101;0.0996044076856106;0.0583844190506562;1.70601008462875;0.9987;1.07353254953033;0.0131533709853716;0.154976411367967
20180727;79;7435.45;0.15;0.19;0.25;0.162;0.138224239271377;0.268656511721443;0.514501727077791;0.9859;1.68622416515054;0.0145001185713944;0.170844138974251
20180727;80;8251.93;0.2;0.25;0.31;0.215;0.173109222674877;0.367578454966967;0.470944965178751;0.977;1.82133814457056;0.0163628622257344;0.192791465417725
20180727;80.5;8667.18;0.23;0.28;0.36;0.245;0.190275009183603;0.426504501212561;0.446126614473347;0.9702;1.83640908779854;0.0171237365744349;0.201756283348785
20180727;81;9093.99;0.27;0.32;0.41;0.285;0.213285556855385;0.492594768740126;0.432983804113247;0.962;1.88722218801619;0.0182937010429086;0.215541106642656
20180727;81.5;9520.2;0.31;0.37;0.46;0.328;0.234220401265983;0.566780175653502;0.413247342315607;0.9495;1.85702175710926;0.0191899238448212;0.226100634978094
20180727;82;9955.42;0.38;0.43;0.53;0.395;0.272812447259132;0.650029192770806;0.419692608106177;0.9357;1.90027298197306;0.0213746591165539;0.2518417497523
20180727;82.5;10396.82;0.42;0.49;0.6;0.441;0.282872018813274;0.742951998454407;0.380740639236106;0.92;1.97659976483408;0.0212218904121023;0.25004178945227
20180727;83;10851.7;0.52;0.56;0.69;0.532;0.328795714461037;0.845836744899941;0.388722429527381;0.8992;2.01591553114051;0.0236332240367508;0.278452744497523
20180727;83.5;11312.56;0.6;0.64;0.8;0.612;0.353176779590995;0.959116257492081;0.368231459775783;0.8783;2.12673147419067;0.0243515073582793;0.28691574395521
20180727;84;11781.22;0.7;0.74;0.92;0.712;0.38518514952946;1.08246527516633;0.355840652228105;0.8489;2.16290437108233;0.0255019782868819;0.30047088933173
20180727;84.5;12265.68;0.81;0.86;1.04;0.825;0.413345948702417;1.21523812864775;0.340135763483957;0.8125;2.19548827358711;0.0262855251390779;0.309702840549943
20180727;85;12765.05;0.94;0.99;1.19;0.955;0.441026218944517;1.35776518871653;0.324817739186118;0.7776;2.31103318819912;0.0269486175750759;0.3175155667515
20180727;85.5;13278.44;1.09;1.14;1.36;1.105;0.469220341797754;1.50883409953312;0.310982063530341;0.7346;2.39555259307553;0.0275628663157907;0.324752803930405
20180727;86;13815.08;1.26;1.31;1.55;1.275;0.495790261914558;1.66713176879089;0.297391166790694;0.6894;2.50872420504006;0.0279923391173526;0.329812963310098
20180727;86.5;14355.57;1.45;1.5;1.75;1.465;0.516448794547816;1.82986869085035;0.28223270725935;0.6343;2.59379602256545;0.028060889240016;0.330620638545673
20180803;75;5918.94;0.14;0.12;0.14;0.134;0.12803141049918;0.131208703730913;0.975784432424168;0.9963;1.61313229751904;0.0168720244147364;0.162171234670592
20180803;79;7488.06;0.21;0.26;0.33;0.225;0.179791272976912;0.414110297805382;0.434162767576014;0.9771;1.97418021934883;0.0187281075367974;0.180011612574086
20180803;79.5;7905.84;0.24;0.29;0.37;0.255;0.197129505760344;0.470667504545859;0.418829649075842;0.972;2.066803365702;0.019449042036402;0.186941121152522
20180803;80;8327.2;0.27;0.33;0.41;0.288;0.214536546442777;0.533747835182578;0.401943637615675;0.9657;2.14179164889863;0.0200954109695175;0.193153917279375
20180803;80.5;8753.93;0.31;0.38;0.46;0.331;0.238565175543616;0.603615695448507;0.395226925579452;0.9573;2.16474998726895;0.0212568340075852;0.204317332138697
20180803;81;9181.61;0.35;0.41;0.52;0.368;0.252028761749538;0.680647102843644;0.370278167197949;0.9484;2.24750461725701;0.0214104535222733;0.205793898658166
20180803;81.5;9618.26;0.41;0.48;0.58;0.431;0.286150122658031;0.765253674246451;0.373928453123475;0.9352;2.23533761330199;0.0232055585597878;0.223048164841118
20180803;82;10060.56;0.48;0.54;0.65;0.498;0.316794101890869;0.85795587243483;0.369242885408343;0.9188;2.23159973040801;0.0245611973364185;0.236078350713864
20180803;82.5;10506.01;0.55;0.6;0.73;0.565;0.338798343375139;0.9595291574682;0.353088116956328;0.9006;2.27567058978733;0.0251534795638505;0.241771273965694
20180803;83;10967.22;0.63;0.68;0.84;0.645;0.363719621141278;1.07034515616481;0.339815263372177;0.8803;2.34987785178548;0.0258681146626216;0.248640233697962
20180803;83.5;11429.79;0.72;0.78;0.94;0.738;0.390470343368709;1.19052230642004;0.327982383247293;0.8554;2.4033862837572;0.0266467597241588;0.2561244470855
20180803;84;11913.11;0.83;0.88;1.07;0.845;0.418156407336917;1.31981673001826;0.316829145915685;0.826;2.45312409576484;0.0273784089732064;0.26315694414378
20180803;84.5;12397.25;0.95;1;1.21;0.965;0.44319325870157;1.45766797854891;0.304042666247469;0.7931;2.52202388254437;0.0278844696837786;0.268021119789477
20180803;85;12905.47;1.09;1.14;1.37;1.105;0.470892984562163;1.60359200753394;0.293648872250442;0.7575;2.61487429046531;0.0284605309189427;0.273558129424837
20180803;85.5;13420.24;1.24;1.3;1.54;1.258;0.494343000600193;1.75722553605931;0.281320178005601;0.7226;2.75290915428914;0.0287317917167018;0.276165445382246
20180803;86;13958.58;1.42;1.47;1.72;1.435;0.521904233628689;1.91674364607922;0.272286925117121;0.6799;2.85253285339366;0.0291638047874768;0.280317886805944
20180803;86.5;14504.23;1.62;1.67;1.93;1.635;0.550438759662114;2.08047606499338;0.264573464181558;0.6342;2.9649022425858;0.0296011737635468;0.284521808345671
20180817;45;3532.13;-1;0.02;-1;0.006;0.006;0;∞;1;0;0.00132497954492049;0.00930670728427323
20180817;47.5;3728.35;-1;0.02;-1;0.006;0.006;0;∞;1;0;0.0012552469591106;0.00881690291952204
20180817;50;3924.59;-1;0.02;-1;0.006;0.006;0;∞;1;0;0.00119248125281877;0.00837603418446258
20180817;55;4317.33;-1;0.03;-1;0.009;0.009;0;∞;1;0;0.00162600496139975;0.0114211213875242
20180817;60;4717.24;0.02;0.04;0.02;0.026;0.026;0;∞;1;0;0.00429912406407136;0.0301972127769628
20180817;65;5138.16;0.01;0.07;0.09;0.028;0.028;0;∞;1;0;0.00425054883460227;0.0298560184968938
20180817;70;5559.72;0.05;0.09;0.12;0.062;0.0609314536625865;0.057243109902483;1.06443297309295;0.9994;1.78091056235587;0.00854836823739639;0.060044067282866
20180817;72.5;5775.72;0.09;0.13;0.18;0.102;0.0981228463248243;0.119648775100213;0.820090688288625;0.9983;2.28067863245627;0.0132513037566508;0.0930776672522441
20180817;75;6018.21;0.14;0.19;0.26;0.155;0.14311309454921;0.223889868572383;0.639212017326911;0.9946;2.20127878718332;0.0185484078735012;0.130284730303776
20180817;77.5;6340.63;0.25;0.28;0.39;0.259;0.221589534334216;0.400372996481218;0.553457741360463;0.9821;2.0899701489265;0.0272590951972735;0.191468933092387
20180817;80;8444.59;0.43;0.46;0.61;0.439;0.324068069229075;0.705852283967681;0.459115988698725;0.9529;2.44016838154831;0.0299331399154581;0.21025152604079
20180817;82.5;10667.2;0.75;0.8;1.01;0.765;0.455244047140559;1.18663673784351;0.383642299805988;0.8855;2.70529216471127;0.0332880565443262;0.233816589477214
20180817;85;13096.12;1.33;1.39;1.67;1.348;0.603497690575537;1.85779566920372;0.324846106910242;0.7579;3.07518508642901;0.035944096316231;0.252472714990449
20180921;42.5;3335.91;-1;0.03;-1;0.009;0.009;0;∞;1;0;0.00210437331942408;0.00883473971172008
20180921;45;3532.2;-1;0.03;-1;0.009;0.009;0;∞;1;0;0.00198742993035502;0.00834377910416288
20180921;47.5;3728.73;-1;0.03;-1;0.009;0.009;0;∞;1;0;0.0018826785527512;0.00790400392405032
20180921;50;3926.05;-1;0.04;-1;0.012;0.012;0;∞;1;0;0.00238407559761083;0.0100090070347972
20180921;55;4326.87;0.02;0.07;0.02;0.035;0.035;0;∞;1;0;0.00630941072877161;0.0264886467664808
20180921;60;4749.13;0.04;0.09;0.09;0.055;0.0549220764916163;0.00779235083836831;7.04820376171831;0.9999;0.779235083836831;0.00902043525097454;0.0378702755795224
20180921;65;5199.94;0.11;0.16;0.16;0.125;0.12336381780462;0.0738065748663896;1.67144753740358;0.9992;2.04522774422464;0.0185047861874567;0.0776881971835469
20180921;70;5674.84;0.21;0.24;0.26;0.219;0.203212850069796;0.266920768077481;0.761322738329631;0.9938;2.54631450487157;0.027931364241889;0.117263572291379
20180921;72.5;5937.03;0.29;0.33;0.38;0.302;0.263252241963139;0.447087603334793;0.588815793592933;0.9871;3.00370217340011;0.0345857691019328;0.145200599591735
20180921;75;6236.95;0.43;0.46;0.54;0.439;0.351651676196959;0.703311463699609;0.499994233489635;0.9729;3.22318538018601;0.0439779551597541;0.184631587610347
20180921;77.5;6619.38;0.63;0.67;0.77;0.642;0.460511162987896;1.05726470822876;0.435568462092518;0.9469;3.41786887028444;0.0542647056265933;0.227818203794405
20180921;80;8828.12;0.94;0.98;1.12;0.952;0.579580970206253;1.53121389527295;0.378510782847185;0.897;3.61571873586162;0.0512083157864729;0.214986636103554
20180921;82.5;11165.22;1.41;1.45;1.63;1.422;0.706034734390323;2.14873242260898;0.328581970915233;0.8247;4.08422855453324;0.0493234430512298;0.207073420396111
20180921;85;13682.91;2.12;2.16;2.41;2.132;0.855384891300823;2.89359029556815;0.29561368539663;0.7206;4.56913066821466;0.0487615730290298;0.204714535044289
