Expiry;Strike;ReqMar;Bid;Ask;Last/Close;Premium;E[PnL];S[PnL];Sharpe;Prob(%);LGL;E[Return](%);Ann[Return](%)
20180706;65;5101.94;-1;0.02;-1;0.006;0.006;0;∞;1;0;0.000917298125810966;0.0335043140452455
20180706;65.5;5141.69;-1;0.02;-1;0.006;0.006;0;∞;1;0;0.000910206566323524;0.0332452948349667
20180706;66;5181.12;-1;0.02;-1;0.006;0.006;0;∞;1;0;0.000903279599777654;0.0329922873818788
20180706;66.5;5220.15;-1;0.02;-1;0.006;0.006;0;∞;1;0;0.000896525961897647;0.0327456107583115
20180706;67;5259.22;-1;0.02;-1;0.006;0.006;0;∞;1;0;0.000889865797589757;0.0325023482569659
20180706;67.5;5298.43;-1;0.02;-1;0.006;0.006;0;∞;1;0;0.000883280518946178;0.0322618209545092
20180706;68;5337.75;-1;0.03;-1;0.009;0.009;0;∞;1;0;0.00131516088239427;0.0480362512294506
20180706;68.5;5377.21;-1;0.03;-1;0.009;0.00897685055336168;0.00231494466383211;3.87778191574636;0.9999;0.231494466383211;0.00130215175372026;0.0475610928046324
20180706;69;5416.94;-1;0.04;-1;0.012;0.0119259655743757;0.00731547112827246;1.63023889579508;0.9998;0.370172128121666;0.0017172523875127;0.0627226434539012
20180706;69.5;5515.87;-1;0.04;-1;0.012;0.0117899075093038;0.013803167295686;0.854145085453581;0.9997;0.700308302320745;0.0016672125806549;0.0608949395084202
20180706;70;5910.21;0.01;0.03;0.01;0.016;0.0156092260188824;0.0220216787251715;0.708811812836073;0.9996;0.976934952794021;0.00206002769693941;0.0752425116307119
20180706;70.5;6304.58;0.01;0.04;0.01;0.019;0.0183914872881294;0.0312778256824041;0.588004021599104;0.9994;1.01418785311774;0.00227538711297833;0.0831085143015334
20180706;71;6699.78;0.02;0.04;0.02;0.026;0.025072113784521;0.0417151521363112;0.601031339945585;0.9993;1.32555173639853;0.00291893894305879;0.106614244895222
20180706;71.5;7093.77;0.02;0.05;0.02;0.029;0.0276627767459621;0.0534278304837889;0.517759686206153;0.9989;1.21565750367085;0.00304167824187286;0.111097297784406
20180706;72;7490.53;0.04;0.05;0.04;0.043;0.0409966589296209;0.0670399896457444;0.611525436478394;0.9984;1.25208816898696;0.00426904290685763;0.155926792172975
20180706;72.5;7885.66;0.06;0.05;0.06;0.057;0.0537265722561024;0.0839100770166198;0.640287485917347;0.9965;0.935265069685028;0.00531429536142312;0.19410463807598
20180706;73;8282.43;0.07;0.06;0.07;0.067;0.0616018813572932;0.106239900998505;0.579837525998447;0.995;1.07962372854136;0.00580137320311656;0.211895156243832
20180706;73.5;8681.62;0.02;0.06;0.08;0.032;0.0236405609841456;0.134410891322973;0.175882778184546;0.9931;1.21151290084846;0.00212398579615712;0.0775785812046389
20180706;74;9083.55;0.03;0.07;0.1;0.042;0.0289748977197571;0.168733661908868;0.171719723213299;0.9883;1.11325660514897;0.00248806030917544;0.0908764027926328
20180706;74.5;9490.05;0.04;0.08;0.13;0.052;0.0311374872483383;0.211650837207982;0.14711724110848;0.9791;0.998206351754151;0.00255923204342483;0.093475950386092
20180706;75;9902.8;0.06;0.1;0.17;0.072;0.038097529148871;0.266542667152378;0.142932197519774;0.9687;1.0831460335824;0.00300077480471376;0.10960329974217
20180706;75.5;10323.9;0.1;0.12;0.22;0.106;0.0506998898962196;0.335809383278352;0.150978181137347;0.9451;1.00728798003243;0.003830520841838;0.139909773748133
20180706;76;10756.74;0.14;0.17;0.29;0.149;0.0567294137368115;0.423532698107367;0.133943409777609;0.9029;0.950263504255288;0.004113601585119;0.150249297896472
20180706;76.5;11204.47;0.21;0.23;0.39;0.216;0.0618646629715226;0.533966713356862;0.115858650781059;0.8476;1.01138672590864;0.00430671304557803;0.157302693989738
20180706;77;11678.57;0.29;0.31;0.53;0.296;0.0473942130653059;0.667285063147476;0.0710254367777319;0.7717;1.08894343817212;0.00316541204881579;0.115616675082997
20180706;77.5;12183.96;0.41;0.44;0.71;0.419;0.0329232935121257;0.819380538806833;0.0401807120780144;0.6771;1.19565409256078;0.00210770299142955;0.0769838517619645
20180713;65;5102.2;-1;0.12;-1;0.036;0.0354740322112191;0.043476879413035;0.81592866576766;0.9998;2.62983894390461;0.00542310084370485;0.116516916656659
20180713;68;5341.61;0.01;0.18;0.01;0.061;0.0597163496827072;0.0831205396875218;0.718430726114161;0.9993;1.83378616756118;0.00871998381621114;0.187351416992419
20180713;68.5;5382.41;0.01;0.09;0.01;0.034;0.0323372164483747;0.0914952007692082;0.35343073927936;0.9991;1.84753727958371;0.00468619611470182;0.100684301817344
20180713;69;5425.25;0.02;0.11;0.02;0.047;0.0448867358153514;0.101280033651627;0.443194321693733;0.999;2.11326418464857;0.00645346369954824;0.138654565662353
20180713;69.5;5526.71;0.02;0.11;0.02;0.047;0.0442716393940534;0.1125311735199;0.393416668548509;0.9986;1.94882900424758;0.00624817997097037;0.13424398437629
20180713;70;5925.16;0.03;0.11;0.03;0.054;0.0505358598084856;0.125463152321411;0.402794437039355;0.9981;1.82323167974443;0.00665264240132229;0.142933978651939
20180713;70.5;6323.76;0.05;0.24;0.05;0.107;0.102374949251483;0.140510610945485;0.728592300343797;0.9973;1.71298175870993;0.0126273704909985;0.271302768931601
20180713;71;6724.07;0.03;0.1;0.07;0.051;0.0445927856646683;0.158677708437209;0.281027411498789;0.9959;1.56273520373944;0.00517281539580065;0.11113946019507
20180713;71.5;7122.59;0.04;0.07;0.09;0.049;0.0402704890101703;0.180692662691315;0.222867317412695;0.9946;1.61657610922773;0.00441005047713442;0.0947512315749027
20180713;72;7525.37;0.05;0.16;0.1;0.083;0.0712405479033546;0.206850994546064;0.344405150478935;0.9933;1.75514210397692;0.00738403923855128;0.158648254816521
20180713;72.5;7925.39;0.05;0.09;0.11;0.062;0.0461542318662367;0.237356355931;0.194451215284304;0.9899;1.56888793403597;0.00454240117592505;0.0975948252650956
20180713;73;8329.63;0.06;0.09;0.13;0.069;0.0469295170095193;0.273596749463916;0.171528050320308;0.9851;1.48124046915978;0.0043945557326586;0.0944183224325619
20180713;73.5;8735.8;0.08;0.11;0.16;0.089;0.0579096627281473;0.317325435776274;0.182492974716895;0.9781;1.41965010373757;0.00517062397581846;0.111092376892217
20180713;74;9145.82;0.1;0.13;0.19;0.109;0.0647492438647265;0.370055801361081;0.174971568143442;0.9678;1.37424708494638;0.00552213035184234;0.118644594765318
20180713;74.5;9561.34;0.13;0.15;0.23;0.136;0.0721188360082746;0.433750794622969;0.16626790521724;0.9507;1.29576397549139;0.00588334815898757;0.126405465592365
20180713;75;9989.02;0.17;0.19;0.29;0.176;0.0822729145849596;0.51119975780811;0.160940832479507;0.9293;1.32570134957624;0.00642434126433509;0.138028861576376
20180713;75.5;10427.35;0.23;0.25;0.37;0.236;0.0977234520388957;0.604508962556856;0.161657573488341;0.8924;1.28509802937829;0.00731003491686178;0.157058250199045
20180713;76;10880.57;0.3;0.32;0.46;0.306;0.103869641834852;0.715670000118099;0.145136224541635;0.8508;1.35476111370742;0.0074461467212825;0.159982652349908
20180713;76.5;11350.42;0.37;0.4;0.59;0.379;0.0895788847112629;0.844277201817827;0.106101271618361;0.7961;1.41942675472652;0.00615585415119309;0.132260336983722
20180713;77;11845.13;0.49;0.51;0.74;0.496;0.0875822730470916;0.987803208319892;0.0886636855493274;0.7267;1.49439343927153;0.00576727929340847;0.123911691877497
20180713;77.5;12365.17;0.63;0.66;0.93;0.639;0.0739275291026975;1.143084431352;0.0646737258202864;0.645;1.59175343914733;0.00466337888602454;0.100194066948263
20180720;1.5;820.25;0.3;0.3;0.3;0.3;0.3;0;∞;1;0;0.285278878390735;4.34158793050899
20180720;2;831.85;0.3;0.3;0.3;0.3;0.3;0;∞;1;0;0.281300715273186;4.2810452605638
20180720;2.5;887.09;0.01;0.2;0.2;0.067;0.067;0;∞;1;0;0.0589117225986089;0.89656277829758
20180720;3;1057.51;0.3;0.5;0.5;0.36;0.36;0;∞;1;0;0.265529403977267;4.04102561677904
20180720;4;1635.3;1.3;1.5;1.5;1.36;1.36;0;∞;1;0;0.648688314070813;9.87222527976518
20180720;5;2223.26;2.3;2.5;2.5;2.36;2.36;0;∞;1;0;0.827973336451877;12.600719214127
20180720;6;2804.12;3.3;3.5;3.5;3.36;3.36;0;∞;1;0;0.934624766415132;14.2238206638803
20180720;50;3924.57;0.02;0.02;0.02;0.02;0.02;0;∞;1;0;0.00397495776607374;0.0604938885024347
20180720;55;4317.73;0.02;0.02;0.02;0.02;0.02;0;∞;1;0;0.00361300961384802;0.0549854900607495
20180720;60;4711.84;0.03;0.03;0.03;0.03;0.03;0;∞;1;0;0.00496621277462732;0.0755795506638595
20180720;62.5;4911.87;0.04;0.05;0.04;0.043;0.0428856534271386;0.0114346572861366;3.75049748794251;0.9999;1.14346572861366;0.00681019849327611;0.103642708319546
20180720;65;5122.42;0.02;0.06;0.05;0.032;0.0315601995211844;0.0370052412117194;0.852857554437164;0.9997;1.46600159605213;0.00480572768857763;0.0731371682605407
20180720;66;5208.27;0.05;0.06;0.05;0.053;0.0521428237608396;0.0512361819831247;1.01769534228787;0.9995;1.71435247832085;0.00780900424391494;0.11884328333708
20180720;67;5294.87;0.01;0.07;0.06;0.028;0.0264509950144769;0.0704245023430784;0.375593637646437;0.999;1.54900498552311;0.00389655952106321;0.0593007652111808
20180720;67.5;5338.75;0.05;0.07;0.06;0.056;0.0539160545495062;0.0822523920386902;0.655495277561593;0.9988;1.73662120874481;0.00787722267358742;0.119881482563659
20180720;68;5380.93;0.03;0.07;0.07;0.042;0.0392276132909271;0.0957938523780216;0.409500320919625;0.9984;1.73274169317059;0.00568629184303143;0.0865382539861345
20180720;69;5466.9;0.04;0.08;0.09;0.052;0.047249711779612;0.128762181803638;0.366953333018756;0.9975;1.90011528815521;0.00674143942418873;0.102596281236872
20180720;69.5;5570.93;0.05;0.09;0.1;0.062;0.0557083916044511;0.148469008986591;0.375218990041769;0.9963;1.7004347014997;0.00779987281324157;0.11870431437652
20180720;70;5969;0.07;0.1;0.11;0.079;0.0705473146940484;0.171301155534211;0.41183210045515;0.9954;1.83754028390252;0.00921878128017386;0.140298327607646
20180720;70.5;6369.21;0.07;0.09;0.12;0.076;0.0650008019650632;0.197438065708304;0.329221225561923;0.9943;1.92968386577838;0.007960269096599;0.121145345313866
20180720;71;6769.71;0.08;0.1;0.13;0.086;0.0717983581879744;0.226805066034099;0.316564173117631;0.9927;1.94543038520899;0.00827254334183001;0.125897768983475
20180720;71.5;7173.95;0.1;0.12;0.15;0.106;0.0875159296478499;0.259863866280425;0.336776062407266;0.99;1.84840703521501;0.00951531933249087;0.144811266091346
20180720;72;7578.17;0.12;0.13;0.18;0.123;0.0986918625320357;0.297522221858398;0.331712575671093;0.9863;1.77431660350104;0.0101580794274855;0.154593271287045
20180720;72.5;7992.33;0.14;0.15;0.22;0.143;0.110410259444116;0.340928791155692;0.32385137984341;0.9791;1.55931772994659;0.0107753311445362;0.16398707085591
20180720;73;8405.78;0.17;0.18;0.26;0.173;0.127923001318011;0.392195232307722;0.326171739940074;0.9711;1.5597577398612;0.0118703964448331;0.180652595894803
20180720;73.5;8831.65;0.2;0.22;0.31;0.206;0.143631129082641;0.452962384869833;0.317092840112796;0.9582;1.49207825161146;0.0126853170907429;0.193054669474744
20180720;74;9261.94;0.25;0.26;0.38;0.253;0.166352928385969;0.524842850308278;0.316957596522955;0.9431;1.52279563469299;0.0140095146525518;0.213207301118523
20180720;74.5;9705.29;0.3;0.32;0.45;0.306;0.185200318801709;0.60918835898536;0.304011585366095;0.92;1.50999601497864;0.0148842794666963;0.226520128133784
20180720;75;10162.25;0.37;0.4;0.54;0.379;0.211174995459405;0.707603806027583;0.298436771623544;0.8907;1.53545292351871;0.0162086640712771;0.246675606334748
20180720;75.5;10630.37;0.47;0.49;0.66;0.476;0.246502238979436;0.820740738604827;0.300341176433455;0.8599;1.6380996503966;0.0180870229732324;0.27526188087388
20180720;76;11120.2;0.58;0.61;0.81;0.589;0.278875229896432;0.947675910908379;0.29427278533346;0.8167;1.69189727279633;0.0195610402078395;0.297694580663058
20180720;76.5;11631.89;0.72;0.75;0.98;0.729;0.315213125545489;1.08771288867007;0.289794419859174;0.7681;1.78433322317599;0.0211372561058849;0.321682616361435
20180720;77;12166.55;0.88;0.92;1.21;0.892;0.347143636156968;1.2386265205885;0.280264979303069;0.705;1.84697072489163;0.0222554492606725;0.33870011843586
20180720;77.5;12727.77;1.08;1.12;1.44;1.092;0.382526504404365;1.39716843266732;0.273786964735589;0.6372;1.95554987760649;0.0234424941239043;0.356765457448168
20180727;67.5;5323.99;0.05;0.75;0.05;0.26;0.254651042827566;0.125987425757597;2.02124173342124;0.9963;1.44566410065798;0.0373080740958381;0.439573356887254
20180727;68;5373.11;0.07;1.3;0.07;0.439;0.431660914477523;0.148859782055155;2.89978198622907;0.9956;1.66797398238103;0.0626630598093968;0.738312341786523
20180727;68.5;5425.24;0.09;0.75;0.09;0.288;0.278274024564027;0.174944921278868;1.5906379135205;0.9946;1.80110656221727;0.0400081358907515;0.471386181745064
20180727;69;5483.53;0.12;0.68;0.12;0.288;0.27515474693307;0.204334727635656;1.34658826777449;0.9928;1.78406292596246;0.0391391498920941;0.461147564454431
20180727;69.5;5597.85;0.15;1.44;0.15;0.537;0.519869382224002;0.237668706789674;2.18736992869685;0.99;1.71306177759976;0.0724381893288891;0.85348544039925
20180727;70;6010.77;0.04;0.22;0.19;0.094;0.0712652611475178;0.275814703938417;0.258380935207246;0.9875;1.81877910819858;0.00924788399740198;0.108960955808099
20180727;70.5;6422.55;0.23;1.41;0.23;0.584;0.553797507517172;0.319261971290679;1.73461782898332;0.9826;1.73577543004759;0.0672570950577876;0.792440450640546
20180727;71;6838.82;0.08;0.86;0.26;0.314;0.27349369266715;0.369235395370259;0.740702803946784;0.9769;1.75351979795886;0.031193258527111;0.36752702183959
20180727;71.5;7254.49;0.05;0.44;0.28;0.167;0.11303256238383;0.426542647677096;0.264997094661912;0.9687;1.72419928486166;0.0121532180290258;0.143192351132312
20180727;72;7671.15;0.15;0.33;0.31;0.204;0.132116534950648;0.492131682108302;0.268457690804742;0.9588;1.74474429731436;0.0134335656663611;0.15827773740769
20180727;72.5;8093.61;0.18;1.11;0.33;0.459;0.363674921050526;0.56688204115727;0.641535442378975;0.9471;1.80198636955528;0.0350481970862705;0.412946902766462
20180727;73;8517.65;0.21;0.38;0.41;0.261;0.1358772781181;0.651475500557034;0.208568515626329;0.9328;1.8619452660997;0.0124429011443436;0.146605472353919
20180727;73.5;8955.13;0.26;0.5;0.5;0.332;0.168472464284545;0.746237159959598;0.225762630600795;0.9137;1.89487295151164;0.014674105472723;0.17289409754555
20180727;74;9395.59;0.29;0.51;0.59;0.356;0.14336445842072;0.851778883122833;0.168311825124274;0.8898;1.92954211959419;0.011901783450338;0.14022988403987
20180727;74.5;9851.73;0.42;0.63;0.68;0.483;0.209220055070387;0.968460745782763;0.216033593495092;0.8636;2.0071843469913;0.0165647701423914;0.195170396597048
20180727;75;10313.01;0.46;0.72;0.77;0.538;0.187789618299854;1.09583448819153;0.171366771463606;0.8305;2.0661379451336;0.0142030214528917;0.167343664053829
20180727;75.5;10799.37;0.57;0.88;0.95;0.663;0.218530892209581;1.23359409876753;0.177149754873108;0.7929;2.1461569666365;0.0157837073758445;0.185967713517006
20180727;76;11297.45;0.67;1.02;1.13;0.775;0.216086149024459;1.38087413485356;0.156485043473838;0.7478;2.21615325525591;0.0149190477708755;0.1757800709133
20180727;76.5;11816.79;0.91;1.22;1.31;1.003;0.30644074595198;1.53619130719;0.199480848848521;0.7023;2.33980266727585;0.0202274714065786;0.23832528810493
20180727;77;12360.67;1.03;1.42;1.52;1.147;0.288636939470174;1.69814360174985;0.169972044279853;0.6508;2.45808436577842;0.0182139651642456;0.214601637943249
20180727;77.5;12923.53;1.3;1.65;1.74;1.405;0.359009071068698;1.86451948474989;0.192547771157702;0.5996;2.61236495737088;0.0216680021196674;0.255297992716403
20180803;68.5;5471.87;0.1;0.15;0.17;0.115;0.097743965993559;0.262692156750705;0.372085589469342;0.9919;2.13037456869642;0.013933133183898;0.13392307619523
20180803;69;5527.27;0.11;0.17;0.2;0.128;0.106039773375211;0.297187538754843;0.356810967981689;0.9894;2.07171949290459;0.0149641727711266;0.143833265911947
20180803;69.5;5641.72;0.14;0.18;0.23;0.152;0.123759185420372;0.336048618665807;0.368277619803126;0.9854;1.93430236846767;0.0171104139567171;0.164462597307656
20180803;70;6050.57;0.15;0.2;0.25;0.165;0.128337172954245;0.380306249450431;0.3374574389448;0.9808;1.90952224196643;0.0165443908432281;0.15902207251287
20180803;70.5;6467.91;0.19;0.23;0.28;0.202;0.154674626367573;0.43073429770044;0.359095217616368;0.9758;1.95559395175319;0.0186530438065321;0.179290111850943
20180803;71;6886.82;0.22;0.26;0.33;0.232;0.170745648310325;0.487835059637991;0.350006923317547;0.9675;1.88474928275923;0.0193386215527709;0.185879776898673
20180803;71.5;7311.53;0.25;0.31;0.37;0.268;0.188424958292109;0.552700695134518;0.340916810763644;0.9588;1.9314330511624;0.0201013286504801;0.193210797094418
20180803;72;7742.45;0.29;0.35;0.42;0.308;0.204975851341181;0.626139759672233;0.327364375404751;0.947;1.94385186148714;0.0206499446617184;0.198484007570859
20180803;72.5;8174.97;0.35;0.4;0.49;0.365;0.232599370423112;0.708745168208033;0.328184770573051;0.9344;2.01830228013549;0.0221930488955956;0.21331608181885
20180803;73;8623.65;0.41;0.47;0.57;0.428;0.259080229073392;0.800834638816212;0.323512765951736;0.9187;2.07773395973687;0.023433532051654;0.225239410049122
20180803;73.5;9072.48;0.49;0.55;0.66;0.508;0.293278058587174;0.902578804078239;0.324933465379442;0.8961;2.06662118780391;0.0252143720017014;0.242356562463722
20180803;74;9539.8;0.59;0.63;0.77;0.602;0.329737913304796;1.01445294473243;0.325040126323225;0.8727;2.13874380750357;0.0269602688083336;0.259137846901154
20180803;74.5;10008.7;0.67;0.72;0.88;0.685;0.341793519736629;1.1366234165826;0.300709553181893;0.8419;2.17081897699792;0.0266367205925416;0.256027952537521
20180803;75;10500.72;0.76;0.83;1.02;0.781;0.350605853888857;1.26882780104008;0.276322644886453;0.8097;2.26166130378951;0.0260432204680544;0.250323323051497
20180803;75.5;10997.88;0.87;0.96;1.17;0.897;0.362717049262941;1.41087824945138;0.257086002568955;0.7742;2.36617781548742;0.0257248941091459;0.247263620351725
20180803;76;11521.77;1.02;1.12;1.34;1.05;0.39313428896064;1.56160189733584;0.251750647608296;0.7351;2.47967425835923;0.0266143782933785;0.255813201885697
20180803;76.5;12052.4;1.21;1.29;1.54;1.234;0.434557854854882;1.71971327902541;0.252692038931718;0.693;2.60404607539126;0.0281234548128844;0.270318207115948
20180803;77;12612.01;1.4;1.48;1.75;1.424;0.457890697932588;1.88252017822737;0.243232823333533;0.6405;2.68736940769795;0.0283186220425942;0.27219412371204
20180803;77.5;13182.97;1.6;1.7;1.99;1.63;0.471940055783708;2.04844860265608;0.230389014970537;0.5897;2.8224712264594;0.0279233923396088;0.268395238211634
20180817;1.5;829.51;0.3;0.3;0.3;0.3;0.3;0;∞;1;0;0.282094248411713;1.98144085062266
20180817;2;846.969999999999;0.3;0.3;0.3;0.3;0.3;0;∞;1;0;0.276278970919868;1.94059411785542
20180817;2.5;914.02;0.05;0.25;0.25;0.11;0.11;0;∞;1;0;0.0938710312684624;0.659353734053959
20180817;3;1080.55;0.3;0.55;0.5;0.375;0.375;0;∞;1;0;0.270695479154135;1.90137545694322
20180817;4;1614.67;1.3;1.5;1.5;1.36;1.36;0;∞;1;0;0.656976348108282;4.61462713743366
20180817;55;4319.13;0.01;0.05;0.01;0.022;0.0203725120297282;0.13340538986709;0.152711311364744;0.9998;8.13743985135917;0.00367911115969836;0.0258422182899966
20180817;60;4731.21;0.05;0.07;0.05;0.056;0.0528526406586701;0.201798980669782;0.261907371797663;0.9995;6.29471868265978;0.00871342842819547;0.0612034564115076
20180817;65;5186.89;0.09;0.13;0.14;0.102;0.0916935166069339;0.3094995737163;0.29626378965867;0.9966;3.03131864501943;0.0137887911548941;0.0968529994100972
20180817;67.5;5437.9;0.16;0.18;0.22;0.166;0.141489313246387;0.420224011376638;0.33669973494107;0.9907;2.63555771544223;0.0202949050795679;0.142552193852157
20180817;70;6145.71;0.28;0.3;0.37;0.286;0.218075738375486;0.618213734491494;0.352751364469219;0.9695;2.22702497129554;0.0276776932092271;0.194409181628273
20180817;72.5;8318.42;0.52;0.55;0.67;0.529;0.323067693896901;0.983664124234095;0.328432933495922;0.9098;2.28306326056651;0.0302933491263464;0.21278164939227
20180817;75;10693.73;1.03;1.05;1.25;1.036;0.466166962452827;1.58054449860721;0.294940739007106;0.7893;2.70447573586698;0.0340021891999522;0.238832684716972
20180817;77.5;13394.37;1.9;1.95;2.25;1.915;0.58324518687991;2.36485080179178;0.246630859941778;0.5874;3.22771404052373;0.0339643630694336;0.238566992521358
20180921;45;3532.49;-1;0.03;-1;0.009;0.009;0;∞;1;0;0.00198726677216354;0.00834309412106592
20180921;47.5;3729.62;-1;0.04;-1;0.012;0.012;0;∞;1;0;0.00250963905169964;0.0105361570532562
20180921;50;3929.5;0.01;0.04;0.01;0.019;0.0189284389530737;0.00715610469262984;2.645075745268;0.9999;0.715610469262984;0.00375726743438033;0.0157740451770967
20180921;55;4346.88;0.05;0.08;0.05;0.059;0.0570142384285852;0.091219921320125;0.625019596635047;0.9994;3.30960261902461;0.0102305805484155;0.0429507993713652
20180921;60;4786.07;0.08;0.12;0.1;0.092;0.0840600141335038;0.227374975425835;0.369697738179294;0.9978;3.60908448477102;0.0136995094146414;0.0575143196976757
20180921;62.5;5013.98;0.11;0.16;0.14;0.125;0.108976110278036;0.330502822805683;0.329728228500209;0.9954;3.48345428738343;0.016952872970548;0.0711728373849731
20180921;65;5259.52;0.18;0.21;0.24;0.189;0.154295848678193;0.47796180545177;0.322820457447122;0.9887;3.07116383378827;0.0228824611312421;0.0960668842320248
20180921;67.5;5541.48;0.28;0.31;0.37;0.289;0.211895929161764;0.699787227541419;0.302800509672381;0.9753;3.12162230114314;0.0298257549871472;0.125216747230523
20180921;70;6300.66;0.48;0.5;0.6;0.486;0.311244524034838;1.03022690057074;0.302112596615764;0.9417;2.99752102856196;0.0385309997281512;0.161763766100083
20180921;72.5;8545.45;0.82;0.84;0.99;0.826;0.430759684254037;1.51327899522868;0.284653183988021;0.8746;3.15183664869189;0.0393182984767506;0.165069063432565
20180921;75;10980.42;1.39;1.41;1.63;1.396;0.549388902654353;2.17029910471209;0.253139717682939;0.7556;3.46403885984307;0.0390261341615708;0.163842477040388
20180921;77.5;13692.64;2.3;2.33;2.64;2.309;0.641097112335447;2.95808748319884;0.216726893973458;0.5823;3.99306413134918;0.0365200390590601;0.153321198463468
20181019;1.5;820.66;0.35;0.35;0.35;0.35;0.35;0;∞;1;0;0.332659079277655;1.05655416266229
20181019;2;813.91;0.4;0.4;0.4;0.4;0.4;0;∞;1;0;0.383334766743252;1.21750455263455
20181019;2.5;866.6;0.04;0.15;0.35;0.073;0.073;0;∞;1;0;0.0657050542349411;0.20868496573315
20181019;3;1077.61;0.35;0.6;0.65;0.425;0.425;0;∞;1;0;0.307625207635415;0.977044409468135
20181019;4;1650.15;1.25;1.55;1.5;1.34;1.34;0;∞;1;0;0.633396963912372;2.01172383538255
20181019;5;2223.97;2.25;2.55;2.5;2.34;2.34;0;∞;1;0;0.820694523757065;2.60659717219364
20181019;6;2816.22;3.25;3.55;3.5;3.34;3.34;0;∞;1;0;0.925069774378422;2.93810204427581
20181019;47.5;3742.15;0.02;0.06;0.02;0.032;0.031687678033689;0.0309455486996575;1.02398177977822;0.9998;1.56160983155508;0.00660486321132969;0.0209776198951145
20181019;50;3956.99;0.05;0.07;0.05;0.056;0.0549540946881377;0.0645589378550286;0.851223649489724;0.9996;2.61476327965578;0.0108325251913064;0.0344050419663013
20181019;55;4382.84;0.06;0.1;0.11;0.072;0.066246829580549;0.18403872028561;0.359961368334557;0.9984;3.59573151215689;0.0117897361237983;0.037445227123629
20181019;60;4837.8;0.14;0.18;0.19;0.152;0.131677854979589;0.387619313252122;0.339709221077798;0.9954;4.41785761313276;0.0212304615494811;0.0674297920082432
20181019;62.5;5094.47;0.21;0.26;0.29;0.225;0.187877528846515;0.536654287674339;0.350090427229617;0.991;4.12471901705392;0.0287654010133108;0.0913614149574937
20181019;65;5381.3;0.31;0.37;0.41;0.328;0.257917808809542;0.736481609562163;0.350202646557425;0.9818;3.85066984562957;0.0373842548959253;0.118735644354232
20181019;67.5;5717.95;0.47;0.54;0.6;0.491;0.354114304189945;1.01326833538357;0.349477321874365;0.9637;3.77095580743952;0.0483056265389095;0.153422870376841
20181019;70;6550.33;0.77;0.84;0.92;0.791;0.514810902933375;1.39967088062329;0.367808539893411;0.9219;3.53635207511683;0.0613026373156822;0.194702506778721
20181019;72.5;8878.54;1.2;1.3;1.43;1.23;0.67728661331882;1.93096913788501;0.350749579592272;0.8508;3.7045133155575;0.0595011745612094;0.18898090442158
20181019;75;11393.06;1.88;2.05;2.18;1.931;0.874677479266448;2.61166739471056;0.334911513249329;0.7363;4.00577368499641;0.0598828088176337;0.190193008005571
20181019;77.5;14152.42;2.9;3.05;3.25;2.945;1.03727970025707;3.39756429557177;0.305300977411675;0.5803;4.54543793124358;0.0571688916948842;0.181573371230926
