Expiry;Strike;ReqMar;Bid;Ask;Last/Close;Premium;E[PnL];S[PnL];Sharpe;Prob(%);LGL;E[Return](%);Ann[Return](%)
20180706;45;3533.93;-1;0.07;-1;0.021;0.0207481499738567;0.0251850026143325;0.823829573956411;0.9999;2.51850026143325;0.00457947864830605;0.167265457629379
20180706;50;3973.05;0.05;0.08;0.05;0.059;0.0540249297342294;0.129047018074443;0.418645316570308;0.9972;1.77681080920379;0.0106063213885299;0.387395888716056
20180706;50.5;4034.33;0.05;0.16;0.07;0.083;0.0762676323854932;0.149793586910079;0.509151519492463;0.996;1.68309190362671;0.0147456339121204;0.538584278640198
20180706;51;4407.41;0.07;0.36;0.1;0.157;0.147846748006855;0.173980000569626;0.84979162847909;0.9943;1.60583368300786;0.026165131777018;0.955681438155584
20180706;51.5;4815.69;0.09;0.22;0.13;0.129;0.116290970323835;0.202489996504333;0.57430476730413;0.9913;1.4608080087546;0.0188357134393184;0.687974433371105
20180706;52;5225.42;0.11;0.18;0.16;0.131;0.113075934713372;0.236603901342711;0.477912384671907;0.9865;1.32770853975025;0.0168788784588473;0.616501035709398
20180706;52.5;5639.71;0.14;0.2;0.19;0.158;0.131557562076148;0.278289148226471;0.472736946138795;0.9784;1.22418694091907;0.0181950664873541;0.664574803450607
20180706;53;6059.58;-1;-1;-1;-1;-1.04013353246947;0.330672737634368;-3.14550736752774;0.9667;1.20521118526946;-0.133887852842307;-4.89025382506528
20180706;53.5;6487.02;0.23;0.3;0.27;0.251;0.190886299659225;0.396035938298697;0.481992367862474;0.952;1.25236875709947;0.0229521897164177;0.838328729392156
20180706;54;6926.12;-1;-1;-1;-1;-1.08883283271143;0.475601695888718;-2.28937962611093;0.9302;1.27267668641023;-0.1226212669597;-4.47874177570305
20180706;54.5;7376.29;0.37;0.44;0.42;0.391;0.258491720743675;0.570611328712007;0.453008392467683;0.8925;1.23263515587279;0.027334004246046;0.998374505086828
20180706;55;7844.05;0.47;0.54;0.52;0.491;0.293213850852643;0.683538080117451;0.428964909756397;0.8441;1.26867318247182;0.0291567243534987;1.06494935701154
20180706;55.5;8338.49;0.6;0.68;0.64;0.624;0.332228345254779;0.814411664130611;0.407936624544093;0.7767;1.30663526531671;0.0310773424563353;1.13509993321765
20180706;56;8856.39;0.76;0.85;0.8;0.787;0.362226566122474;0.96046052425247;0.377138421596657;0.6863;1.35407533910592;0.031902018946267;1.1652212420124
20180706;56.5;9403.09;0.96;1.06;0.96;0.99;0.382557868227851;1.11609967155957;0.342763176064095;0.582;1.45321084156016;0.0317337319134161;1.15907455813752
20180706;57;9858.79;1.2;1.3;1.19;1.23;0.387531503604702;1.27501826161917;0.303941924025911;0.4791;1.61733249451967;0.030660412972755;1.11987158382988
20180713;45;3557.18;0.19;0.13;0.19;0.172;0.171422428219724;0.0485864160479058;3.52819660644867;0.9997;1.92523926758538;0.0375886218890765;0.807602596763834
20180713;50;4050.09;0.13;0.22;0.19;0.157;0.141816397531963;0.220363006527354;0.643558098824356;0.9907;1.63264542667067;0.0273121807354728;0.586810236095967
20180713;52;5339.71;0.26;0.36;0.3;0.29;0.238104113193806;0.407260095570899;0.584648768153998;0.9683;1.63709422101559;0.0347811413524645;0.747283051705157
20180713;53;6210.89;0.36;0.46;0.36;0.39;0.293805441488291;0.549941727071476;0.534248315822206;0.9386;1.56668662071187;0.0368978108388439;0.792760318169866
20180713;54;7126.66;-1;-1;-1;-1;-1.18100885651907;0.739811490950383;-1.59636457525404;0.8853;1.57810685718455;-0.129259275464926;-2.77717355079791
20180713;55;8101.43;-1;-1;-1;-1;-1.33672519116906;0.984943862527341;-1.35715876003233;0.7974;1.66201969974856;-0.128698964147301;-2.76513509734127
20180713;55.5;8615.82;0.91;1.12;0.87;0.973;0.520582062462822;1.12734905878224;0.461775399914872;0.7367;1.71826030207816;0.0471288871774249;1.01257800244438
20180713;56;9147.21;1.06;1.17;1.02;1.093;0.493145749871525;1.28025821074689;0.385192413320925;0.6691;1.81279616237073;0.0420514763408503;0.903488337264445
20180713;56.5;9709.43;1.31;1.52;1.25;1.373;0.587230832523536;1.43907551008965;0.408061167330235;0.587;1.90258878323599;0.0471747619961582;1.01356363641746
20180713;57;10164.88;1.56;1.77;1.51;1.623;0.610150493794642;1.59948799993176;0.381466127798817;0.5047;2.044921272371;0.0468197740809356;1.00593661665069
20180720;30;2354.72;-1;0.02;-1;0.006;0.006;0;∞;1;0;0.00198749745192634;0.030247226846504
20180720;35;2747.36;0.01;0.03;0.01;0.016;0.016;0;∞;1;0;0.00454254265913459;0.0691318210937045
20180720;40;3151.41;0.07;0.05;0.07;0.064;0.0639399413070198;0.00600586929802326;10.646242556105;0.9999;0.600586929802326;0.015825663502837;0.2408468164338
20180720;45;3602.64;0.05;0.08;0.09;0.059;0.0550407996584037;0.116528054276833;0.472339472241118;0.9982;2.1995557453313;0.0119167676297257;0.181358307364887
20180720;47;3783.17;0.08;0.12;0.12;0.092;0.0823916172561633;0.197310121829386;0.417574204973668;0.9958;2.28771017710397;0.0169871989521505;0.258523934053041
20180720;48;3877.73;0.1;0.15;0.14;0.115;0.10010847855713;0.250784197437399;0.399181764959969;0.9933;2.22261514072683;0.0201366813250437;0.306455118915508
20180720;49;3978.71;0.15;0.19;0.19;0.162;0.138350056092376;0.316818304680436;0.436685803971855;0.9888;2.11160213460926;0.0271226210887583;0.41277238969454
20180720;50;4091.19;0.2;0.22;0.24;0.206;0.16722299196468;0.400641458985623;0.417388136485097;0.9807;2.00917140079379;0.0318816612605257;0.485199032308626
20180720;51;4560.84;0.27;0.3;0.32;0.279;0.215142892861788;0.508566723888801;0.423037691527826;0.9687;2.04016316735502;0.0367939801510675;0.559958385424058
20180720;52;5425.53;0.37;0.42;0.41;0.385;0.280551328901703;0.645493948075795;0.43463045585171;0.9486;2.03207531319644;0.0403333935197719;0.613823832629029
20180720;52.5;5868.39;0.44;0.5;0.47;0.458;0.323978025142928;0.726806367113885;0.445755623233504;0.9337;2.02144758457122;0.0430617016952664;0.655345272674835
20180720;53;6327.62;0.52;0.58;0.55;0.538;0.365769855827077;0.817810858411231;0.447254829237241;0.9124;1.96609753622058;0.0450881196318869;0.686184820647778
20180720;53.5;6796.81;0.6;0.68;0.62;0.624;0.40277657390989;0.91941729072303;0.438078093564182;0.8902;2.01478530136712;0.0462225261041157;0.703449069147011
20180720;54;7271.7;0.72;0.78;0.72;0.738;0.453849495986017;1.03189232895828;0.439822531139647;0.8574;1.99264028060296;0.0486822348101673;0.740882761017233
20180720;54.5;7767.99;0.84;0.91;0.85;0.861;0.497522393261143;1.15577012871161;0.430468292008684;0.8212;2.03287252091083;0.0499572562199091;0.760286993096742
20180720;55;8270.61;0.98;1.04;1.01;0.998;0.534025614092117;1.29017301194606;0.413917830513761;0.7756;2.06762204058772;0.0503638763031809;0.766475242489034
20180720;55.5;8800.22;1.16;1.23;1.18;1.181;0.592577142736799;1.4344778236401;0.413096063927351;0.7263;2.14988256216003;0.0525225700419653;0.799327862826159
20180720;56;9337.18;1.36;1.43;1.36;1.381;0.639592369577935;1.58634440299814;0.40318632471557;0.6613;2.18898030830252;0.0534296273897247;0.813132141837372
20180720;56.5;9898.4;1.56;1.65;1.56;1.587;0.659812590118848;1.7430054764038;0.378548776266718;0.5933;2.2797821733001;0.0519936373851028;0.791278168954533
20180720;57;10351.88;1.81;1.89;1.79;1.834;0.686661841671941;1.90152884212018;0.36111040046404;0.5254;2.41748453082187;0.0517390306402426;0.787403372556191
20180727;45;3611.9;0.33;0.23;0.33;0.3;0.280271096036997;0.31959725789835;0.876950878364978;0.9904;2.05509416281285;0.0605253342863472;0.713125108002849
20180727;50;4323.45;0.15;0.64;0.51;0.297;0.105292735669648;0.919456890547545;0.114516228821719;0.9217;2.4483686376801;0.0189960179537929;0.223815985729769
20180727;52;5667.02;0.5;1.22;0.72;0.716;0.297301914740236;1.36952197186524;0.217084443220229;0.8437;2.67881052629407;0.0409201826528553;0.482132152063078
20180727;53;6580.5;0.67;1.39;0.99;0.886;0.286535242552196;1.64364151509324;0.174329523756244;0.7934;2.90157191407456;0.033963602946693;0.400167934718697
20180727;54;7537.84;0.84;1.42;1.28;1.014;0.176556655840094;1.94569433622554;0.0907422366159513;0.7274;3.07205922289034;0.0182697154032552;0.215258501646419
20180727;55;8549.79;1.14;1.74;1.56;1.32;0.176246511237342;2.26899419155142;0.0776760521880552;0.6588;3.35214973259865;0.0160790240187335;0.189447210414271
20180727;55.5;9077.91;1.34;2.17;1.71;1.589;0.265896979452829;2.43676274421099;0.109118944831424;0.6229;3.50862641354328;0.0228466292321918;0.269184881518002
20180727;56;9624.25;1.52;2.34;1.85;1.766;0.245873187337982;2.60728607493547;0.0943023436137773;0.5884;3.69321383056856;0.019926860391576;0.234783411549134
20180727;56.5;10188.33;1.71;2.64;2.06;1.989;0.25411535510003;2.77937452745047;0.0914289717309638;0.5495;3.85102029944499;0.0194546090456457;0.229219224320068
20180727;57;10644.16;1.96;2.88;2.27;2.236;0.266766630647136;2.95084829938844;0.0904033700080152;0.5132;4.04526164616447;0.0195485573220213;0.230326147157041
20180803;45;3616.37;0.16;0.24;0.16;0.184;0.153132752637016;0.37444305955732;0.408961386059751;0.9872;2.41150370023315;0.0330285748020452;0.317465445959132
20180803;50;4262.72;0.26;1.02;0.56;0.488;0.23699479874419;1.06994873446561;0.221501078612479;0.9038;2.60920167625582;0.0433657249409926;0.416824500913094
20180803;52;5859.51;0.58;1.37;0.93;0.817;0.305279927816423;1.5556065537784;0.196244948361095;0.8265;2.94939522872379;0.0406379276930682;0.390605344470872
20180803;53;6795.41;0.76;1.54;1.13;0.994;0.286305465553787;1.84189470766354;0.155440734132392;0.7791;3.20368734470898;0.0328631036437763;0.315874963312876
20180803;54;7819.7;0.97;1.85;1.43;1.234;0.275509071020959;2.15199423543896;0.12802500419559;0.7201;3.42440489095763;0.0274814987015292;0.264147826335093
20180803;55;8844.13;1.28;2.17;1.74;1.547;0.276465663098741;2.48058676799188;0.111451720482468;0.6538;3.66994320306545;0.0243826376610269;0.234362063307633
20180803;56;9893.61;1.75;2.53;2.07;1.984;0.334437138060904;2.82059198611384;0.118569839135679;0.5863;3.98734073468479;0.0263666111447192;0.253431703173913
20180803;57;10839.87;2.22;3.05;2.44;2.469;0.369681471936309;3.16339683583599;0.116862186795042;0.5153;4.33117088521496;0.0266010153360069;0.255684759249382
20180817;40;3228.12;0.09;0.22;0.16;0.129;0.12171522603141;0.217597677166732;0.559359031843651;0.9979;3.46893998504274;0.0294096490540934;0.2065745060963
20180817;45;3749.36;0.25;0.28;0.27;0.259;0.211579160082057;0.501300255202944;0.422060746800143;0.9812;2.52238510201825;0.0440159773572035;0.309169917879203
20180817;50;4497.42;0.69;0.73;0.72;0.702;0.386501007184985;1.26489419376109;0.305559950461742;0.8926;2.93760700945079;0.0670319395574104;0.470834921602772
20180817;52.5;6452.94;1.17;1.23;1.16;1.188;0.493319642605207;1.90883382470593;0.258440329493431;0.7956;3.39863188549312;0.0596300788837432;0.418843967543984
20180817;55;9020.89;1.94;2.01;1.88;1.961;0.596669377711734;2.69763075171771;0.221182746130769;0.6633;4.05206600026215;0.0515915962410752;0.362381356289475
20180921;30;2378.18;0.11;0.12;0.11;0.113;0.110721152620447;0.13013988818191;0.850785675070507;0.9995;4.55769475910682;0.0363145342421298;0.152458432551011
20180921;35;2817.81;0.07;0.18;0.11;0.103;0.0947371098844031;0.248960763440368;0.38053028346812;0.9979;3.93470957885569;0.0262242470960904;0.110096623584448
20180921;40;3305.11;0.18;0.24;0.21;0.198;0.167489993935388;0.479040719788498;0.349636235536171;0.991;3.39000067384574;0.0395273365393596;0.16594666288507
20180921;45;3913.73;0.45;0.51;0.5;0.468;0.340127348295485;0.948042107135976;0.358768187336115;0.9648;3.63274578706009;0.0677868252716662;0.284587792304323
20180921;50;4838.56;1.12;1.19;1.18;1.141;0.65011912622127;1.84223710611634;0.352896553903315;0.8738;3.88970581441149;0.104802445035835;0.439989575279756
20180921;52.5;6901.41;1.75;1.81;1.78;1.768;0.852696340993805;2.49316939768022;0.342012998309381;0.783;4.21798921201011;0.0963720668638971;0.404596522092396
20180921;55;9545.47;2.65;2.71;2.66;2.668;1.07493052763196;3.2663488070245;0.32909238759812;0.6686;4.80708953641532;0.0878370380455789;0.368764116622387
20181019;30;2452.78;0.01;0.24;0.01;0.079;0.0756627202058195;0.113796391219942;0.664895603407854;0.9987;2.56713830321573;0.0240612373553842;0.0764205821222094
20181019;35;2802.76;0.07;0.2;0.07;0.109;0.0955544853974971;0.297883518890646;0.320778020057483;0.9967;4.07439836439481;0.0265925368601121;0.0844602094622255
20181019;40;3329.67;0.23;0.28;0.25;0.245;0.192887088060643;0.60997453913368;0.316221539893439;0.9862;3.77629796662005;0.0451852371818534;0.143512242440626
20181019;45;4005.55;0.56;0.65;0.61;0.587;0.401999097192605;1.18240203693565;0.339985118965491;0.9538;4.00434854561461;0.0782812087753822;0.248627926132246
20181019;50;5022.15;1.35;1.47;1.4;1.386;0.766092836842274;2.16119791411663;0.354476020839306;0.8576;4.35328064015257;0.118983386146765;0.377901580783528
20181019;52.5;7150.21;2.06;2.17;2.04;2.093;1.02116123182328;2.83790854675975;0.359828801738244;0.776;4.78499450078892;0.11139613533339;0.353803812439311
20181019;55;9834;2.99;3.15;2.93;3.038;1.27034792598461;3.61404982733124;0.351502604191456;0.6646;5.27028048305125;0.100759750078096;0.320021727965431
