Expiry;Strike;ReqMar;Bid;Ask;Last/Close;Premium;E[PnL];S[PnL];Sharpe;Prob(%);LGL;E[Return](%);Ann[Return](%)
20180706;52;4081.99;-1;0.04;-1;0.012;0.012;0;∞;1;0;0.00229299924791585;0.0837517975301262
20180706;52.5;4121.65;-1;0.03;-1;0.009;0.009;0;∞;1;0;0.00170320138779372;0.0622094306891657
20180706;53;4161.85;-1;0.03;-1;0.009;0.00899905900385658;9.40996143418005E-05;95.6333250332894;0.9999;0.00940996143418005;0.00168657352451629;0.0616020979829576
20180706;53.5;4203.48;-1;0.03;-1;0.009;0.00894905900385658;0.0050940996143418;1.75674990309605;0.9999;0.50940996143418;0.00166059218148014;0.0606531294285621
20180706;54;4244.02;-1;0.04;-1;0.012;0.0118875161312358;0.0101597684804559;1.17005777780306;0.9998;0.562419343820764;0.00218478296105201;0.0797991976524247
20180706;54.5;4638.01;0.01;0.03;0.01;0.016;0.0157475412577307;0.0167824738854473;0.938332534596463;0.9997;0.84152914089758;0.00264835181058902;0.0967310498817638
20180706;55;5033.23;0.01;0.04;0.01;0.019;0.0185749537979864;0.0247816146407806;0.749545744586774;0.9996;1.06261550503396;0.00287856187029589;0.105139472312558
20180706;55.5;5430.79;0.02;0.04;0.02;0.026;0.0251550282087843;0.034929568652166;0.720164295737001;0.9987;0.649978300935116;0.00361290383219601;0.131961312470959
20180706;56;5830.35;0.04;0.05;0.04;0.043;0.0411243582302496;0.05034973844012;0.816774019177042;0.9974;0.721400680673225;0.00550172792707036;0.200950612536245
20180706;56.5;6231.38;0.02;0.06;0.06;0.032;0.0284320062683607;0.0718573630601152;0.395672830974535;0.9956;0.810907666281655;0.00355891710813999;0.129989447374813
20180706;57;6635.82;0.04;0.07;0.07;0.049;0.0426637731628437;0.0999624668675299;0.426797922257978;0.9934;0.96003436926611;0.00501486524152525;0.18316795294671
20180706;57.5;7043.83;0.06;0.09;0.09;0.069;0.0584711363604985;0.134780699866905;0.4338242524207;0.9888;0.940077110669773;0.00647481361151375;0.23649256716054
20180706;58;7460.3;0.09;0.12;0.12;0.099;0.0805868950195277;0.17894481809509;0.450344949227334;0.979;0.876814522879632;0.00842563678608523;0.307746383611763
20180706;58.5;7884.92;0.13;0.16;0.16;0.139;0.106072813944262;0.23717990778653;0.447225125155758;0.9626;0.880406044271072;0.0104930417653602;0.383258350479783
20180706;59;8322.58;0.19;0.21;0.21;0.196;0.137731985015187;0.313614675989578;0.439175828046274;0.9336;0.877530346156825;0.012908370759049;0.471478241974263
20180706;59.5;8778.5;0.27;0.31;0.28;0.282;0.17799901266773;0.412089131151855;0.431942992939887;0.879;0.859512292002233;0.0158158261526262;0.577673050224673
20180706;60;9262.56;0.39;0.41;0.39;0.396;0.212719090629314;0.536043320444861;0.396831902415609;0.7975;0.905090910472524;0.0179130705432262;0.654274901591335
20180706;60.5;9786.44;0.56;0.57;0.54;0.563;0.251429574613501;0.682957417857884;0.368148244735546;0.6817;0.978857761189126;0.020039469735525;0.731941632090049
20180706;61;10163.45;0.77;0.79;0.72;0.776;0.270252565418381;0.842823936625477;0.320651269706965;0.5376;1.09374445194987;0.0207406934679009;0.757553828915081
20180713;52.5;4126.32;0.01;0.05;0.01;0.022;0.0215081434753821;0.0284892124878722;0.754957459232613;0.9996;1.22964131154486;0.00406569338073586;0.0873526180772808
20180713;53;4168.34;0.01;0.05;0.01;0.022;0.0212396425120037;0.0377954058854947;0.56196360415738;0.9993;1.08622498285192;0.00397446493312994;0.0853925480485712
20180713;53.5;4213.71;0.02;0.06;0.02;0.032;0.0308193309739177;0.048881903623282;0.630485490324454;0.9991;1.31185447342483;0.00570496739444712;0.122572902401283
20180713;54;4259.64;0.03;0.06;0.03;0.039;0.0373349445215707;0.0616331995789423;0.605760284662012;0.9987;1.28081190648405;0.00683655349438572;0.146885362577905
20180713;54.5;4659.67;0.05;0.07;0.05;0.056;0.0535734033915488;0.0762918761850514;0.702216357369462;0.9982;1.34810922691734;0.00896785708975272;0.192677047178364
20180713;55;5064.2;0.04;0.08;0.05;0.052;0.0483752326482938;0.0937742115315765;0.515869255077708;0.9971;1.24991977645041;0.00745086715881465;0.16008407233865
20180713;55.5;5469.45;0.06;0.09;0.07;0.069;0.0635303379744485;0.115117056269312;0.551875977664177;0.9953;1.16375787777692;0.00906008165721779;0.194658519135223
20180713;56;5879.4;0.08;0.11;0.09;0.089;0.0806321462065958;0.141505727088503;0.569815426312502;0.9926;1.13079105316273;0.0106971925776686;0.229832328764321
20180713;56.5;6288.75;0.09;0.13;0.11;0.102;0.0887725778294119;0.174608850904771;0.508408235718974;0.9875;1.05819377364705;0.0110105522889193;0.236564954325163
20180713;57;6703.76;0.12;0.16;0.14;0.132;0.110545447155946;0.217328218053403;0.508656667533081;0.9797;1.05687452433761;0.012862251748517;0.276349261832108
20180713;57.5;7124.67;0.16;0.19;0.18;0.169;0.135118040513686;0.271707869675336;0.497291597314198;0.9702;1.13697850625215;0.0147925548271955;0.317822391213715
20180713;58;7553.68;0.21;0.24;0.23;0.219;0.16714714511055;0.338498120937512;0.493790466687425;0.9553;1.16001912504361;0.0172597691702891;0.370831217026358
20180713;58.5;7998.56;0.27;0.31;0.28;0.282;0.201764587225146;0.419314555300426;0.481177160856217;0.9298;1.14295459793239;0.0196755888604466;0.422735813604596
20180713;59;8458.55;0.36;0.4;0.36;0.372;0.247502461306705;0.517144878062649;0.478594049377246;0.8898;1.12974173042917;0.0228232876579591;0.490365048062915
20180713;59.5;8940.93;0.47;0.5;0.46;0.479;0.285707988798853;0.634062904234309;0.450598807927224;0.8322;1.15191901788526;0.0249249497829762;0.535519876954827
20180713;60;9449.07;0.61;0.65;0.59;0.622;0.326096758872366;0.770208006765862;0.423387910808225;0.7533;1.19944564705162;0.0269185720838606;0.57835343844883
20180713;60.5;9987.75;0.8;0.82;0.75;0.806;0.363267824351196;0.922076864545965;0.393966965574036;0.6597;1.30100551175082;0.0283696431122057;0.60953012627842
20180713;61;10367.34;1.02;1.05;0.95;1.029;0.389059481458996;1.08330853439903;0.359140050230316;0.5494;1.42019644594098;0.0292713845150267;0.628904305536088
20180720;32.5;2551;-1;0.02;-1;0.006;0.006;0;∞;1;0;0.00183457467659741;0.0279199333594669
20180720;35;2747.22;-1;0.02;-1;0.006;0.006;0;∞;1;0;0.00170354030620045;0.0259257540349881
20180720;37.5;2945.03;-1;0.03;-1;0.009;0.009;0;∞;1;0;0.00238367690651708;0.0362765829210568
20180720;40;3145.55;-1;0.03;-1;0.009;0.009;0;∞;1;0;0.00223172418178061;0.0339640523914737
20180720;42.5;3350.22;-1;0.03;-1;0.009;0.009;0;∞;1;0;0.00209538478070097;0.0318891371312929
20180720;45;3557.59;0.03;0.04;-1;0.033;0.033;0;∞;1;0;0.00723523508892256;0.11011123400954
20180720;47.5;3760.83;0.01;0.06;0.01;0.025;0.025;0;∞;1;0;0.00518502564593454;0.0789096090490663
20180720;50;3957.62;0.05;0.06;0.05;0.053;0.0529150121708828;0.0084987829117248;6.22618705766469;0.9999;0.84987829117248;0.0104289217997909;0.158715153640568
20180720;51;4039.96;0.03;0.06;0.06;0.039;0.0386958673150366;0.0196660118199202;1.96765199112922;0.9995;0.608265369926782;0.00747105825446998;0.113700167810215
20180720;52;4122.32;0.04;0.07;0.07;0.049;0.0481120362240561;0.0393597588454255;1.22236613321242;0.9993;1.26851967991983;0.00910346316025048;0.138543329970062
20180720;52.5;4164.96;0.05;0.07;0.08;0.056;0.0547192955080633;0.0512803900609219;1.06706082857513;0.9992;1.60088061492089;0.0102476495563677;0.155956416685971
20180720;53;4208.37;0.04;0.08;0.09;0.052;0.0501555229861185;0.0645730128306864;0.776725768048469;0.9986;1.3174835813439;0.00929607138373586;0.14147458637123
20180720;54;4301.52;0.08;0.09;0.1;0.083;0.0785110391776469;0.100291344343971;0.782829661833788;0.9957;1.04394437729142;0.0142365049002596;0.216661808950825
20180720;54.5;4700.71;0.09;0.1;0.11;0.093;0.0861687262360501;0.125112101875823;0.688732144565636;0.9946;1.26505069702776;0.0142981818627652;0.217600455223958
20180720;55;5105.76;0.1;0.11;0.13;0.103;0.0931091417416284;0.154600769684478;0.602255357018294;0.9931;1.43345771860458;0.014224156748157;0.216473885511015
20180720;55.5;5510.72;0.12;0.13;0.15;0.123;0.108731001165176;0.189020414262492;0.575234170284813;0.9893;1.33355129297417;0.0153900363126484;0.234217115133117
20180720;56;5923.45;0.14;0.15;0.18;0.143;0.122001839662986;0.229996592178014;0.530450640627572;0.9839;1.30423356130522;0.0160652043888492;0.244492329292799
20180720;56.5;6337.95;0.17;0.18;0.21;0.173;0.142372081783004;0.279169253185547;0.509984821603466;0.977;1.33164861813025;0.0175214736296031;0.266654926800523
20180720;57;6761.97;0.21;0.22;0.25;0.213;0.168875646851724;0.337447776945273;0.500449724044594;0.9668;1.32904678157459;0.0194799747032809;0.296460865015556
20180720;57.5;7196.03;0.26;0.27;0.3;0.263;0.199778433888467;0.406195059591937;0.491828812711716;0.9551;1.40805269736154;0.0216546037791677;0.329556001264208
20180720;58;7634.69;0.32;0.33;0.35;0.323;0.232212205464644;0.4867130859755;0.477102860300602;0.9325;1.34500436348676;0.0237240176434698;0.361049893511555
20180720;58.5;8091.64;0.4;0.41;0.42;0.403;0.271527020331048;0.581202295900562;0.467181603111739;0.9043;1.37380334032343;0.0261740606178991;0.398336485028652
20180720;59;8563.17;0.5;0.51;0.51;0.503;0.313997080079139;0.691304933822123;0.45420922767482;0.8629;1.37857709643225;0.0286012916316888;0.435275907019764
20180720;59.5;9055.39;0.63;0.64;0.63;0.633;0.361387339702766;0.81715748435128;0.442249317449087;0.8052;1.39431550460592;0.0311286565203882;0.473739241419657
20180720;60;9578.45;0.79;0.8;0.77;0.793;0.407127748002966;0.958350511501192;0.424821339496368;0.735;1.45612170564918;0.0331535523432616;0.504555624724012
20180720;60.5;10113.44;0.97;0.98;0.94;0.973;0.434821502092172;1.1119122315562;0.391057396215176;0.654;1.5554291847047;0.033535648763615;0.510370654621266
20180720;61;10486.45;1.19;1.2;1.13;1.193;0.459892614613185;1.27299548042211;0.361268065508521;0.5637;1.6802827994197;0.0342075954587381;0.52059684338767
20180727;50;3947.82;-1;-1;-1;-1;-1;0;-∞;1;0;-0.197577397145766;-2.32790788088681
20180727;54.5;4769.41;0.14;0.21;0.16;0.161;0.145493251193553;0.192521353045792;0.75572526834957;0.989;1.40970443694969;0.0237942923613134;0.280350493063539
20180727;55;5187.43;0.17;0.24;0.19;0.191;0.168809340398106;0.235528417784506;0.716725998442175;0.9845;1.43165545818672;0.0253827589982944;0.299066216907324
20180727;55.5;5606.75;0.21;0.26;0.23;0.225;0.193829368728435;0.285433961609007;0.679069048531603;0.9788;1.47031279582854;0.0269651594253675;0.317710467100499
20180727;56;6037.24;0.24;0.32;0.27;0.264;0.220573508239359;0.342883788990505;0.643289403936991;0.9716;1.52910182255779;0.0284976804676806;0.335767025510333
20180727;56.5;6469.94;0.3;0.37;0.32;0.321;0.260784480716035;0.408906776457958;0.63776023223437;0.9609;1.5400388563674;0.0314395334359371;0.370428696370195
20180727;57;6917.64;0.36;0.44;0.39;0.384;0.299745243575813;0.484988121136199;0.618046567560437;0.9434;1.48859993682309;0.033797840013232;0.398214873059129
20180727;57.5;7369.58;0.41;0.52;0.46;0.443;0.324831479783747;0.573228927284454;0.566669727088904;0.9203;1.48266650208599;0.0343803248260176;0.405077859442029
20180727;58;7839.33;0.56;0.6;0.53;0.572;0.406831641882518;0.675097009514354;0.60262693531287;0.8899;1.50016674039493;0.040479056331136;0.47693468790153
20180727;58.5;8319.58;0.64;0.72;0.64;0.664;0.435246339899427;0.791291560587926;0.550045471957316;0.8532;1.5582674393772;0.0408064043042501;0.480791586197656
20180727;59;8817.25;0.78;0.84;0.75;0.798;0.485024259405962;0.921663889639605;0.52624852167705;0.8076;1.62669303843055;0.0429066797852675;0.50553757392158
20180727;59.5;9333.31;0.93;1;0.89;0.951;0.528300333899264;1.06501056561835;0.49605173033427;0.7512;1.69895364188399;0.0441509239960342;0.520197580308113
20180727;60;9862.36;1.06;1.18;1.03;1.096;0.53343221469887;1.21923064213491;0.4375154267488;0.6891;1.80948145802872;0.0421883937987579;0.497074543064398
20180727;60.5;10420.21;1.3;1.39;1.23;1.327;0.59203826649562;1.38156439346025;0.428527449967647;0.6185;1.92650519922511;0.0443167506093047;0.522151392259631
20180727;61;10801.62;1.53;1.61;1.44;1.554;0.610170444506272;1.54740300932663;0.394319024086552;0.545;2.07435067141479;0.0440612562481269;0.519141091762204
20180803;50;3985.62;-1;-1;-1;-1;-1.00099025273562;0.0422569414795764;-23.6881851285763;0.9991;1.10028081735477;-0.195897350257622;-1.88293439951569
20180803;54;4419.72;0.17;0.26;0.28;0.197;0.177481862492488;0.234155448896259;0.757965972302101;0.9871;1.51303391531102;0.0313223128940613;0.301065125909365
20180803;54.5;4833.2;0.19;0.32;0.29;0.229;0.202033558615132;0.278424781871034;0.725630661385286;0.9823;1.52352776185695;0.0326049358023262;0.313393494784201
20180803;55;5253.64;0.23;0.32;0.32;0.257;0.2197794146389;0.329665373696965;0.666674246598084;0.9757;1.53171133173251;0.032630317916405;0.313637463657025
20180803;55.5;5679.29;0.23;0.36;0.36;0.269;0.217153899968082;0.389262603265412;0.557859650905174;0.9661;1.5293834817675;0.0298241579449375;0.286665097089169
20180803;56;6106.59;0.29;0.42;0.4;0.329;0.257074516698173;0.458699782800517;0.560441766788391;0.9538;1.55682864289668;0.0328363494232583;0.315617805969608
20180803;56.5;6549.44;0.33;0.48;0.44;0.375;0.276021976149869;0.539025929788939;0.512075506753355;0.9375;1.58364838160209;0.0328726030617729;0.315966270218751
20180803;57;6993.87;0.41;0.55;0.53;0.452;0.316987449615291;0.631071972065804;0.502299996904691;0.9165;1.61691677107436;0.035352417288272;0.339801853014246
20180803;57.5;7455.52;0.46;0.64;0.63;0.514;0.330795228952415;0.735500171561814;0.449755474903535;0.8893;1.654966314793;0.0346079520386081;0.332646170581622
20180803;58;7924.44;0.57;0.75;0.73;0.624;0.37870016532175;0.852899427899438;0.44401503030015;0.8603;1.75590432840551;0.0372753316260789;0.358284602011193
20180803;58.5;8412.67;0.69;0.84;0.83;0.735;0.410594061372008;0.982649847560114;0.417843713497233;0.8219;1.82148196871416;0.0380691704144066;0.365914855101632
20180803;59;8908.02;0.81;0.98;0.93;0.861;0.436448767316459;1.12391322671712;0.388329594261737;0.7757;1.89278302578485;0.0382161286690912;0.367327394641725
20180803;59.5;9430.68;0.99;1.12;1.02;1.029;0.478998346961481;1.27512102383687;0.375649321128878;0.7212;1.97274624475796;0.0396173670011023;0.380795876240858
20180803;60;9963.36;1.17;1.34;1.2;1.221;0.517311668390769;1.43446695680517;0.360629895262921;0.6629;2.08747651026173;0.0404986973616129;0.389267084508661
20180803;60.5;10521.36;1.39;1.52;1.4;1.429;0.541666613558982;1.59953004893044;0.338641098941017;0.6029;2.23453383641656;0.0401564016986403;0.385976992642852
20180803;61;10898.31;1.64;1.74;1.64;1.67;0.568668299906694;1.76770631224199;0.321698404292877;0.5398;2.39315884418363;0.0407000052234907;0.391202023891578
20180817;42.5;3352.92;0.02;0.05;0.02;0.029;0.0289950679291104;0.000493207088955998;58.7888304494692;0.9999;0.0493207088955998;0.00674521103536802;0.0473786217436186
20180817;45;3566.65;0.03;0.06;0.05;0.039;0.0386127635182605;0.028720736671657;1.34442106968536;0.9998;1.93618240869761;0.00844432606065725;0.0593132710318281
20180817;47.5;3787;0.06;0.09;0.07;0.069;0.0675540184553157;0.0673757650571548;1.00264566046871;0.999;1.44598154468433;0.0139139515170706;0.0977321306078851
20180817;50;4018.72;0.11;0.13;0.13;0.116;0.110556702624396;0.141381377800325;0.781974998012379;0.9973;2.01603606503843;0.0214581329495534;0.150722751150469
20180817;52.5;4277.78;0.19;0.2;0.21;0.193;0.174191826972186;0.27221617382478;0.639902561720341;0.991;2.08979700309042;0.0317617140288433;0.223095500942981
20180817;55;5310.45;0.36;0.37;0.38;0.363;0.296763273711806;0.507389069233757;0.584883064508994;0.9656;1.92548622930797;0.0435886513374965;0.306168363481166
20180817;57.5;7564.13;0.73;0.74;0.73;0.733;0.485171513787579;0.94427208793365;0.513804781468527;0.872;1.93616004853454;0.0500300471771785;0.351412975605086
20180817;60;10115.02;1.47;1.48;1.44;1.473;0.674685476564161;1.6498875706071;0.408928152792798;0.6705;2.42280583743806;0.0520270520196742;0.365440014426654
20180921;32.5;2552.22;-1;0.03;-1;0.009;0.009;0;∞;1;0;0.00275054658297482;0.0115475533267995
20180921;35;2751.41;-1;0.05;-1;0.015;0.015;0;∞;1;0;0.00425236515095896;0.0178526019699743
20180921;37.5;2956.64;0.01;0.05;0.01;0.022;0.022;0;∞;1;0;0.00580388549163916;0.0243663123657609
20180921;40;3171.61;0.03;0.06;0.03;0.039;0.039;0;∞;1;0;0.00959134319793417;0.0402671046327064
20180921;42.5;3391.7;0.07;0.08;0.07;0.073;0.0729143401245984;0.00856598754016289;8.51207636979727;0.9999;0.856598754016289;0.0167683419221;0.0703981251384718
20180921;45;3613.29;0.09;0.11;0.11;0.096;0.0952631103986226;0.0434597045847094;2.19198706730601;0.9996;1.84222400344346;0.0205644235892845;0.0863351231722546
20180921;47.5;3846.84;0.13;0.16;0.16;0.139;0.136279323548209;0.0982480366248324;1.3870946252962;0.9986;1.94334032270798;0.0276325171745128;0.116008929861963
20180921;50;4102.89;0.21;0.24;0.26;0.219;0.209234426056663;0.193492055058934;1.08135926300919;0.995;1.95311478866748;0.0397775354260526;0.16699706683179
20180921;52.5;4419.06;0.37;0.38;0.41;0.373;0.340601773316341;0.363359898784925;0.937367536856194;0.9849;2.14557792607011;0.0601189807757184;0.252396065842887
20180921;55;5543.01;0.65;0.66;0.7;0.653;0.541971654140279;0.66399678852121;0.81622631842438;0.9464;2.0714243630545;0.0762650419590471;0.320181684776344
20180921;57.5;7909.41;1.16;1.18;1.2;1.166;0.817121758683899;1.1750134123419;0.695414835355203;0.8507;2.33675982127328;0.0805818603123926;0.338304879070131
20180921;60;10541.73;2.02;2.03;2.01;2.023;1.10617191087871;1.910052549742;0.579131663695913;0.6787;2.85349545322532;0.0818474852311139;0.343618321616832
20181019;32.5;2554.46;0.01;0.05;0.01;0.022;0.022;0;∞;1;0;0.00671766244137704;0.0213358800583736
20181019;35;2753.76;0.02;0.06;0.02;0.032;0.032;0;∞;1;0;0.0090639707164023;0.0287879591666603
20181019;37.5;2964.35;0.06;0.08;0.06;0.066;0.066;0;∞;1;0;0.0173663703678715;0.0551571024075224
20181019;40;3186.61;0.04;0.08;0.07;0.052;0.052;0;∞;1;0;0.0127282598121515;0.0404260599685941
20181019;42.5;3417.2;0.08;0.11;0.11;0.089;0.089;0;∞;1;0;0.0203148776776308;0.0645218180152578
20181019;45;3650.42;0.12;0.16;0.15;0.132;0.131331107249766;0.029450077128198;4.45944866894825;0.9991;0.743214166926663;0.0280620486559951;0.0891275067095843
20181019;47.5;3901.02;0.18;0.22;0.22;0.192;0.186297263646951;0.117418477704786;1.58660942714094;0.9964;1.58409343140239;0.037249710497414;0.118308319645048
20181019;50;4187.71;0.3;0.34;0.34;0.312;0.290300266179206;0.27358526098663;1.06109614652594;0.9898;2.12742488439155;0.0540711289988516;0.171734607537657
20181019;52.5;4539.11;0.49;0.54;0.54;0.505;0.44003673888565;0.518788662955001;0.848200375812411;0.9721;2.32843229800537;0.0756158489948045;0.240162511698716
20181019;55;5715.02;0.86;0.89;0.88;0.869;0.690850610628215;0.897658037309125;0.76961446554765;0.9307;2.57069825933312;0.0942889922152516;0.299470038318441
20181019;57.5;8123.96;1.43;1.46;1.43;1.439;0.975320708335737;1.45628497741203;0.669732039719991;0.8308;2.74042134553347;0.093642774275338;0.29741759394841
20181019;60;10780.23;2.31;2.34;2.28;2.319;1.2485501056766;2.20477536007774;0.566293568172212;0.6728;3.27154613179523;0.0903384327076276;0.286922717795313
