Expiry;Strike;ReqMar;Bid;Ask;Last/Close;Premium;E[PnL];S[PnL];Sharpe;Prob(%);LGL;E[Return](%);Ann[Return](%)
20180706;69;5416.91;-1;0.02;-1;0.006;0.00554438978936437;0.0449253740487384;0.123413325025394;0.9998;2.27805105317817;0.000798356265048562;0.0291599625808987
20180706;70;5495.45;-1;0.02;-1;0.006;0.00534438978936437;0.0559410271762584;0.0955361397373938;0.9998;3.27805105317817;0.000758559178175437;0.0277063739828578
20180706;70.5;5538.1;0.01;0.04;0.01;0.019;0.0182270531299106;0.0619509286416983;0.29421759333632;0.9997;2.57648956696478;0.00256714422659942;0.0937649428765438
20180706;71;5575.78;0.01;0.03;0.01;0.016;0.0150324971096358;0.0685963917334328;0.2191441376108;0.9996;2.4187572259106;0.00210290717092782;0.0768086844181384
20180706;71.5;5616.66;0.01;0.04;0.01;0.019;0.0177703911539437;0.0761466382502417;0.233370659063696;0.9994;2.04934807676045;0.00246781986092733;0.0901371204203708
20180706;72;5741.31;0.02;0.04;0.02;0.026;0.024344662938634;0.0849216735129384;0.286671964076697;0.9988;1.3794475511383;0.00330740494628135;0.120802965662926
20180706;72.5;6137.33;0.03;0.03;0.03;0.03;0.027582430101753;0.0960304947304775;0.287225741980886;0.9983;1.42209994014532;0.00350548128899168;0.128037704080421
20180706;73;6532.09;0.05;0.04;0.05;0.047;0.0436875613899872;0.109856735942152;0.397677584495063;0.9979;1.57735171905372;0.0052167526602037;0.19054189091394
20180706;73.5;6929.8;0.07;0.04;0.07;0.061;0.0564340339372026;0.126338285170333;0.446689883918532;0.9971;1.57447105613702;0.00635206592845653;0.232009208036875
20180706;74;7325.88;0.08;0.05;0.08;0.071;0.064446173825949;0.14627664774499;0.440577322624325;0.9948;1.2603511873175;0.0068617033836536;0.250623716087948
20180706;74.5;7724.93;0.03;0.05;0.1;0.036;0.0262887776122817;0.171310909572384;0.153456529288778;0.9919;1.19891634416275;0.0026544248993298;0.0969528694480208
20180706;75;8123.87;0.04;0.06;0.12;0.046;0.0310817802440396;0.203273448484627;0.152906247597753;0.9871;1.1564511438729;0.00298426594595321;0.109000313675941
20180706;75.5;8526.03;0.05;0.07;0.14;0.056;0.0331559612117458;0.244229810857617;0.135757224293456;0.9817;1.24830813050569;0.00303325812191157;0.11078975290282
20180706;76;8928.07;0.05;0.08;0.18;0.059;0.0254824944045653;0.294809352206089;0.0864371981888536;0.9742;1.29912812385406;0.00222627573882832;0.0813147213607043
20180706;76.5;9333.54;0.07;0.09;0.23;0.076;0.0270482060984934;0.355639553729091;0.0760551120224871;0.9642;1.36736854473482;0.00226040717207242;0.0825613719599452
20180706;77;9741.37;0.09;0.11;0.28;0.096;0.025153146100745;0.427893783998529;0.0587836211727524;0.9479;1.35982445104136;0.00201403436668365;0.0735626052431204
20180706;77.5;10157.91;0.11;0.14;0.35;0.119;0.0164048389476644;0.513134382715224;0.0319698689081387;0.9248;1.36429735441936;0.0012596857403913;0.0460100216677924
20180706;78;10581.95;0.15;0.17;0.45;0.156;0.00821813753358209;0.613102238655949;0.0134041877772262;0.8934;1.38632141150486;0.000605762385589993;0.0221254711336745
20180706;78.5;11017.88;0.21;0.23;0.57;0.216;0.0044102694332294;0.728585418946258;0.00605319475046304;0.85;1.41059820377847;0.000312220695625559;0.0114038609077235
20180706;79;11471.88;0.27;0.3;0.73;0.279;-0.0200398029150368;0.85986893579525;-0.0233056481991677;0.7995;1.49147033872836;-0.00136255315377503;-0.049767253941633
20180706;79.5;11944.17;0.38;0.4;0.92;0.386;-0.0290046534231486;1.00541932818611;-0.0288483149368895;0.7351;1.56664648328859;-0.00189411484180616;-0.0691825445969702
20180713;70;5522.73;0.07;0.07;0.07;0.07;0.0661063510278426;0.107582485930964;0.614471309672685;0.998;1.94682448607868;0.00933649731232873;0.200597390784004
20180713;74.5;7769.49;0.08;0.11;0.18;0.089;0.0447890560046801;0.398337112387415;0.112440078044044;0.9739;1.69390590020383;0.00449649380894376;0.0966084919833358
20180713;75;8174.95;0.1;0.12;0.22;0.106;0.0470775530345602;0.456558222862699;0.10311401849117;0.967;1.78552869592242;0.00449183069828647;0.0965083036793608
20180713;75.5;8582.78;0.11;0.14;0.26;0.119;0.0410725996496581;0.523246189866875;0.078495745301285;0.9554;1.74725112893143;0.00373266327771809;0.0801973683639137
20180713;76;8997.32;0.14;0.17;0.31;0.149;0.0459206405474638;0.599371454349016;0.0766146605986412;0.9428;1.80208670371567;0.00398097429312526;0.0855324035625883
20180713;76.5;9414.38;0.17;0.2;0.38;0.179;0.0430654099959558;0.685678148027287;0.0628070328912422;0.9248;1.80764082452186;0.00356805438030391;0.0766606977885885
20180713;77;9843.6;0.22;0.25;0.46;0.229;0.0504467814117863;0.783027829197765;0.0644252726796064;0.9036;1.85221181108106;0.00399736778223346;0.0858846224976924
20180713;77.5;10276.54;0.26;0.3;0.56;0.272;0.0382668733510252;0.891840706629345;0.0429077446976516;0.8751;1.8713621028741;0.00290449521081995;0.0624039338677639
20180713;78;10723.48;0.33;0.36;0.67;0.339;0.0333127324506107;1.01229644341626;0.0329080801056537;0.838;1.8869584416629;0.00242308759017375;0.0520607495477036
20180713;78.5;11181.69;0.41;0.44;0.82;0.419;0.0211202198331314;1.14447379155764;0.0184540877990632;0.7927;1.91934288551311;0.00147328100402019;0.0316538756893161
20180713;79;11652.09;0.51;0.53;0.98;0.516;0.00356902915572171;1.28792867788217;0.00277113881926328;0.7467;2.02302001912467;0.000238913597600339;0.00513312891314846
20180713;79.5;12143.72;0.63;0.66;1.17;0.639;-0.0131450375026224;1.44094194753182;-0.00912253094244249;0.6944;2.13398245256094;-0.000844315354112697;-0.0181403637111566
20180720;45;3533.38;-1;0.01;-1;0.003;0.003;0;∞;1;0;0.000662255404173907;0.0100786994322716
20180720;47.5;3732.95;0.01;0.02;0.01;0.013;0.013;0;∞;1;0;0.00271635033954379;0.0413394567299321
20180720;50;3933.51;0.01;0.02;0.02;0.013;0.013;0;∞;1;0;0.00257785031689255;0.0392316595102084
20180720;55;4330.06;0.01;0.03;0.02;0.016;0.016;0;∞;1;0;0.00288217715227964;0.0438631335362558
20180720;60;4724.97;0.03;0.04;0.03;0.033;0.033;0;∞;1;0;0.0054476536358961;0.0829064787712938
20180720;65;5121.79;0.05;0.05;0.05;0.05;0.0493015184263865;0.0492982216442594;1.00006687426072;0.9997;2.32827191204504;0.00750815327699524;0.114264707684271
20180720;67.5;5326.45;0.03;0.05;0.05;0.036;0.0329781209292195;0.101969580213796;0.323411363075885;0.9985;2.01458604718698;0.00482928297924344;0.0734956503403611
20180720;70;5537.37;0.05;0.07;0.08;0.056;0.0450393325534189;0.202734131287406;0.222159595266023;0.9943;1.92292411343528;0.00634428968836591;0.0965521586948187
20180720;71;5624.33;0.06;0.08;0.11;0.066;0.048136813329197;0.263086932984781;0.182969229155831;0.9911;2.00709962593292;0.00667576660629331;0.101596823039526
20180720;72;5798.3;0.07;0.09;0.13;0.076;0.0469932539080556;0.338888839740065;0.138668638200362;0.9865;2.14864785866255;0.00632163531522745;0.0962073874536178
20180720;72.5;6200.22;0.09;0.1;0.15;0.093;0.0563587356917288;0.38346869685804;0.146970890071355;0.9835;2.22068268534977;0.00709004097266685;0.107901561052774
20180720;73;6601.39;0.1;0.11;0.17;0.103;0.0569078093645562;0.432944381648926;0.131443695256687;0.9788;2.17415993563414;0.00672405225329118;0.102331670229775
20180720;74;7415.22;0.13;0.14;0.24;0.133;0.0602040489357243;0.548949576237336;0.109671364259684;0.9669;2.19927344605063;0.0063328071412399;0.0963774086807447
20180720;75;8239.38;0.18;0.19;0.32;0.183;0.0669381376690897;0.691776415401437;0.0967626767533634;0.9464;2.16533325244236;0.00633685391156737;0.0964389954666659
20180720;75.5;8657.89;0.21;0.22;0.39;0.213;0.0671451642067718;0.775336422996442;0.0866013284237002;0.9331;2.18019186536963;0.00604919074754727;0.092061121689235
20180720;76;9080.97;0.25;0.26;0.45;0.253;0.0698116186518932;0.867620794304184;0.0804632843175235;0.9167;2.19914023227019;0.00599639273651127;0.0912576019587808
20180720;76.5;9510.36;0.29;0.3;0.53;0.293;0.0629394864362276;0.969080579887881;0.0649476294773232;0.8949;2.18896777891315;0.00516203376320744;0.0785597013338132
20180720;77;9949.78;0.35;0.36;0.63;0.353;0.0647221654313173;1.0803275578019;0.0599097606683337;0.8707;2.2295269494871;0.00507380957533006;0.0772170394745543
20180720;77.5;10397.89;0.41;0.42;0.74;0.413;0.052884417568954;1.20149738079682;0.04401542476429;0.842;2.27921254703194;0.00396713618857135;0.0603748538698202
20180720;78;10853.14;0.5;0.51;0.87;0.503;0.0553163787094061;1.33240927538154;0.0415160564636312;0.8067;2.31600424878735;0.00397551081008231;0.0605023051409402
20180720;78.5;11320.28;0.59;0.6;1.02;0.593;0.0392088685411227;1.47244931271973;0.0266283315849431;0.7656;2.36259015127507;0.00270160432975825;0.0411150408935084
20180720;79;11806.84;0.71;0.72;1.19;0.713;0.031582308423348;1.62059850488676;0.0194880523017357;0.7232;2.46176911696767;0.00208643469126467;0.0317529279576843
20180720;79.5;12313.08;0.84;0.85;1.39;0.843;0.0111500024802932;1.77575861319901;0.00627900796730842;0.6753;2.56190328771083;0.00070632221463912;0.0107493412040391
20180727;70;5584.49;0.08;0.15;0.13;0.101;0.0755124751992061;0.34274286918349;0.220318150977432;0.9904;2.6549505000827;0.0105470205256668;0.124267717645154
20180727;74.5;7920.81;0.26;0.32;0.46;0.278;0.119386543718266;0.86346597475888;0.138264329120327;0.9354;2.45531666070796;0.0117565632934318;0.138518862675031
20180727;75;8350.76;0.3;0.66;0.51;0.408;0.213977510981228;0.953349206459723;0.224448197503448;0.9219;2.48428282994587;0.0199864992605892;0.235486092094522
20180727;75.5;8781.88;0.34;0.39;0.57;0.355;0.117959452071052;1.05128573959745;0.112204938798296;0.9053;2.50306808795087;0.0104770701279704;0.123443544007781
20180727;76;9220.52;0.39;0.45;0.65;0.408;0.117815544463336;1.15753761566353;0.101781180040358;0.8821;2.46127612838561;0.00996647962169185;0.117427634897514
20180727;76.5;9668.46;0.46;0.53;0.76;0.481;0.126268326516633;1.27271845498974;0.0992115153367918;0.8593;2.52119170919238;0.0101866579251477;0.120021832489039
20180727;77;10120.91;0.53;0.58;0.87;0.545;0.113618204699467;1.39701137398432;0.0813294772077801;0.8338;2.5955583351416;0.00875634697528031;0.103169539765198
20180727;77.5;10589.44;0.62;0.67;1;0.635;0.11329912385848;1.53001276697812;0.0740510970259767;0.8054;2.68088836660596;0.00834541926764914;0.0983278834680273
20180727;78;11061.28;0.72;0.77;1.15;0.735;0.108696864281327;1.67140814303558;0.0650331068053277;0.7739;2.77002713719006;0.00766489539541853;0.0903097755863426
20180727;78.5;11555.36;0.84;0.89;1.31;0.855;0.106887839141971;1.81988948763966;0.058733148286164;0.7386;2.86194399716155;0.00721505124295023;0.0850095956931474
20180727;79;12051.72;0.97;1.05;1.49;0.994;0.10592526020873;1.97472758200328;0.0536404419394766;0.7002;2.9622239486033;0.00685559430212529;0.0807743812532665
20180727;79.5;12574.11;1.12;1.18;1.7;1.138;0.0889945553921552;2.13414315575274;0.041700368202697;0.6571;3.05921681133813;0.00552053013739191;0.0650443107316902
20180803;70;5631.35;0.06;0.65;0.17;0.237;0.197251224047451;0.43439195573383;0.45408581223432;0.9838;2.45362814521907;0.0273213269921088;0.262608281154414
20180803;74;7575.34;0.29;0.35;0.47;0.308;0.111240330658811;0.96854314543415;0.114853252726235;0.9243;2.59920302960619;0.0114539357855717;0.110093422254738
20180803;74.5;8141.03;0.34;0.42;0.54;0.364;0.126165691140529;1.06630389919414;0.118320575621902;0.9114;2.68436014514076;0.0120880575418114;0.116188500451226
20180803;75;8587.72;0.37;0.43;0.61;0.388;0.102047331090555;1.1717810270598;0.0870873727547969;0.896;2.74954489336005;0.00926869043828084;0.0890891890153178
20180803;75.5;9053.65;0.43;0.52;0.7;0.457;0.114721251453799;1.2849413345901;0.0892813145359631;0.8777;2.79868150896322;0.00988359127357067;0.094999518754518
20180803;76;9519.57;0.49;0.57;0.8;0.514;0.105283251469828;1.40565088786613;0.0748999999777008;0.8565;2.84820033818935;0.00862653839894723;0.0829169250056704
20180803;76.5;9985.58;0.57;0.62;0.89;0.585;0.0991163168737026;1.53404374098489;0.0646111412768891;0.8354;2.9519057298074;0.00774223702193443;0.0744171597963566
20180803;77;10455.82;0.65;0.72;1.01;0.671;0.0973549734498979;1.67006102414485;0.0582942611332111;0.8122;3.0545528570293;0.00726264217353783;0.0698073698390709
20180803;77.5;10680.46;0.75;0.79;1.15;0.762;0.086875245796621;1.81261018291235;0.0479282565085434;0.7828;3.10830918141519;0.00634454805517406;0.0609827941355876
20180803;78;11160.45;0.86;0.9;1.3;0.872;0.0796766500765487;1.96111395159159;0.0406282613062261;0.7502;3.17183086438531;0.00556857358437231;0.053524250044526
20180803;78.5;11652.46;0.99;1.02;1.47;0.999;0.072856101629264;2.115133021476;0.0344451629706121;0.7145;3.24393659674513;0.0048768894525985;0.0468758913832001
20180803;79;12158.5;1.13;1.16;1.66;1.139;0.0614234332401414;2.27394484562712;0.0270118395168031;0.6796;3.36322274269619;0.00394047603958632;0.0378752335120764
20180803;79.5;12681.06;1.28;1.35;1.87;1.301;0.0529220562760989;2.43629363591684;0.0217223636329793;0.6398;3.46495820023293;0.0032551855992604;0.0312883300034174
20180817;50;3938.53;-1;0.03;-1;0.009;0.009;0;∞;1;0;0.00178239089203332;0.0125195821791379
20180817;55;4341.9;0.01;0.05;0.01;0.022;0.0219731763726881;0.00268236273118816;8.19172445143353;0.9999;0.268236273118816;0.00394736810398598;0.0277264653842477
20180817;60;4760.51;0.04;0.07;0.07;0.049;0.0470598260426292;0.0879635343933708;0.534992441665415;0.9992;2.42521744671354;0.00771065795749841;0.0541599580572364
20180817;65;5189.27;0.1;0.12;0.12;0.106;0.092740641989297;0.252742151610947;0.366937771947337;0.9949;2.59987411974568;0.0139398606647277;0.0979141174575347
20180817;67.5;5420.13;0.14;0.17;0.2;0.149;0.116721902793573;0.41290656809447;0.282683570116685;0.9887;2.85646877932981;0.0167972141219836;0.11798427803951
20180817;70;5678.44;0.22;0.23;0.32;0.223;0.146146176729275;0.650345631041921;0.224720778849753;0.9729;2.83593443803415;0.0200748828637503;0.141006749345861
20180817;72.5;6434.08;0.37;0.38;0.54;0.373;0.191092117108826;1.00305003197284;0.190511052308106;0.9387;2.96750216788213;0.0231659928606551;0.162718824852967
20180817;75;8623.99;0.66;0.67;0.95;0.663;0.262247637412404;1.50766494097946;0.173942916814152;0.8778;3.27947923557771;0.0237190856183362;0.166603769655717
20180817;77.5;11010.12;1.18;1.2;1.65;1.186;0.348162631368528;2.17100809907077;0.160369107566917;0.7656;3.57439150440048;0.0246652036914631;0.173249339390517
20180921;42.5;3354.7;0.01;0.04;0.03;0.019;0.019;0;∞;1;0;0.00441768265418666;0.0185466504533526
20180921;45;3555.36;0.04;0.05;0.04;0.043;0.043;0;∞;1;0;0.00943364385041177;0.0396050392685391
20180921;47.5;3755.15;0.04;0.05;0.04;0.043;0.043;0;∞;1;0;0.00893173375231349;0.0374978822187644
20180921;50;3954.61;0.05;0.05;0.05;0.05;0.0498309121599915;0.0169087840008493;2.9470429190821;0.9999;1.69087840008493;0.00982855742659665;0.0412629954030394
20180921;55;4359.52;0.03;0.08;0.07;0.045;0.0433703986396013;0.0907274987419175;0.478029255088056;0.9995;3.25920272079731;0.00775977881484408;0.032577692093354
20180921;60;4786.12;0.09;0.12;0.13;0.099;0.0897546959942099;0.228796203718172;0.392291019412055;0.9969;2.98235613090002;0.0146274357674868;0.0614100105066039
20180921;65;5253.41;0.18;0.21;0.24;0.189;0.146159680885188;0.521816278596694;0.280097971029671;0.9872;3.34689993084471;0.0217010572352903;0.0911070247722963
20180921;67.5;5524.05;0.27;0.3;0.36;0.279;0.189717681161429;0.76382499903387;0.248378465488031;0.9747;3.52894540863916;0.026788278763935;0.112464584121003
20180921;70;5839.74;0.42;0.45;0.56;0.429;0.250553162230708;1.09820712586118;0.228147456277187;0.9528;3.78065334256974;0.0334657821307032;0.14049858532459
20180921;72.5;6671.99;0.67;0.68;0.86;0.673;0.33185291475611;1.54265948404269;0.215117411320389;0.9143;3.98071277997538;0.0387958125701277;0.162875523462519
20180921;75;8945.8;1.05;1.07;1.37;1.056;0.423912947910172;2.11191915808133;0.200724041111164;0.8481;4.16120508288234;0.0369617138064717;0.155175470894411
20180921;77.5;11391.77;1.66;1.68;2.12;1.666;0.543843312525428;2.8076530824384;0.193700324276925;0.7513;4.51208961590098;0.0372372145654129;0.156332099080656
20181019;42.5;3339.64;-1;0.05;-1;0.015;0.014651323612713;0.034867638728697;0.420198331372941;0.9999;3.4867638728697;0.00342193542355349;0.0108683644648079
20181019;45;3540.23;0.01;0.05;0.01;0.022;0.021401323612713;0.059867638728697;0.357477329441665;0.9999;5.9867638728697;0.00471523952339711;0.0149760107471374
20181019;47.5;3746.22;0.03;0.05;0.03;0.036;0.0350671968445361;0.0852827440197571;0.411187482855996;0.9998;4.66401577731925;0.00730133669104809;0.0231896802296114
20181019;50;3955.77;0.03;0.08;0.06;0.045;0.0433522067558149;0.115860323381394;0.374176469481328;0.9995;3.29558648837016;0.00854820206168095;0.0271498330698171
20181019;55;4378.48;0.06;0.1;0.09;0.072;0.0657027234122092;0.218523634581194;0.300666440671876;0.9981;3.31435609883725;0.0117045468430878;0.037174658560329
20181019;60;4822.47;0.14;0.16;0.18;0.146;0.119632392977722;0.436719887288377;0.273933925291399;0.9935;4.05655492650428;0.0193496831546123;0.0614562762801926
20181019;65;5329.55;0.27;0.29;0.35;0.276;0.186603563167171;0.842076942750335;0.221599183748815;0.9806;4.60806375426951;0.0273101442467739;0.0867393929229058
20181019;67.5;5629.85;0.4;0.43;0.52;0.409;0.255201379995982;1.13433397488861;0.22497904994959;0.9664;4.57733988107197;0.035357438723388;0.112298299945369
20181019;70;5979.51;-1;-1;-1;-1;-1.27073867069557;1.50626999956657;-0.843632729232624;0.9382;4.38088463908684;-0.165762104778241;-0.526474858871762
20181019;72.5;6848.62;-1;-1;-1;-1;-1.47264740543868;1.98335443415557;-0.742503397314192;0.8976;4.61569731873707;-0.167722106970772;-0.532699996270212
20181019;75;9176.42;-1;-1;-1;-1;-1.8058983389635;2.57588218535268;-0.70107955605751;0.8321;4.79987098846636;-0.153502205042002;-0.487536351231229
20181019;77.5;11666.11;-1;-1;-1;-1;-2.33278271162975;3.28046514991374;-0.711113395516821;0.7405;5.13596420666572;-0.15597062903326;-0.495376280473029
