Expiry;Strike;ReqMar;Bid;Ask;Last/Close;Premium;E[PnL];S[PnL];Sharpe;Prob(%);LGL;E[Return](%);Ann[Return](%)
20180706;85;6690.32;0.05;0.04;0.05;0.047;0.0460923497807434;0.055466957064683;0.830987532396858;0.9997;3.02550073085529;0.00537373889873427;0.196275813276269
20180706;86;6773.42;0.05;0.04;0.05;0.047;0.0455132205906265;0.0733113794638214;0.620820681911831;0.999;1.48677940937345;0.00524112074265123;0.191431935125336
20180706;87;6854.5;0.02;0.05;0.06;0.029;0.0263800271967067;0.0971659155229634;0.271494659981589;0.9988;2.18331066941104;0.00300188507016285;0.109643852187698
20180706;88;6935.95;0.02;0.05;0.08;0.029;0.0249255802529602;0.126714372866546;0.196706811461802;0.9984;2.54651234189988;0.00280306988910084;0.102382127699408
20180706;89;7534.2;0.03;0.06;0.09;0.039;0.0327667801304369;0.161810515021762;0.202500932192386;0.9974;2.39739225752426;0.00339227635339396;0.123902893807714
20180706;90;8326.33;0.04;0.07;0.11;0.049;0.0394534037283437;0.204212918550293;0.193197394211998;0.9961;2.44784519786059;0.00369594466086596;0.134994378738129
20180706;90.5;8753.87;0.04;0.07;0.12;0.049;0.0371043668899916;0.228735403656479;0.162215233395684;0.9947;2.24445907736007;0.00330612702429822;0.120756289562493
20180706;91;9135.95;0.05;0.08;0.14;0.059;0.0442350174898007;0.255974416873733;0.172810306709756;0.9936;2.30702851721864;0.00377665307297485;0.137942253490406
20180706;91.5;9551.79;0.06;0.09;0.16;0.069;0.0504555035477366;0.2862750587162;0.176248338831906;0.9913;2.13155131635211;0.00412020079662917;0.150490334096881
20180706;92;9937.92;0.07;0.1;0.18;0.079;0.0553323720507206;0.320487459744542;0.172650661884947;0.9881;1.98887629825878;0.00434288565409684;0.158623898515887
20180706;92.5;10341.22;0.09;0.12;0.21;0.099;0.0686697222753252;0.359485470180546;0.191022246993284;0.9847;1.982371093116;0.00517950332501906;0.189181358946321
20180706;93;10749.38;0.1;0.13;0.24;0.109;0.0699978499584817;0.403912346217461;0.173299604763247;0.9809;2.04199738437269;0.00507920670472304;0.185518024890009
20180706;93.5;11155.8;0.13;0.14;0.29;0.133;0.0834800338395604;0.454140460604801;0.183819855487851;0.9755;2.02122310858937;0.00583682267473934;0.213189948194854
20180706;94;11554.42;0.15;0.18;0.34;0.159;0.0955553109342985;0.510753579211663;0.187086913970894;0.9684;2.00774332486397;0.00645061738527358;0.235608799997118
20180706;94.5;11979.8;0.18;0.2;0.41;0.186;0.10446459019779;0.574770012659634;0.181750244266226;0.9589;1.98382992219488;0.00680164780332531;0.248430186016457
20180706;95;12399.45;0.22;0.24;0.49;0.226;0.120807976923311;0.647147125460293;0.186677761780035;0.9467;1.97358392263957;0.00759954852837685;0.277573509998964
20180706;95.5;12830.55;0.27;0.29;0.58;0.276;0.140807369339653;0.72882126933267;0.193198765272836;0.9326;2.00582538071732;0.00856001871197488;0.312654683454883
20180706;96;13276.02;0.33;0.36;0.68;0.339;0.165971508611837;0.820291883700558;0.20233225746803;0.9141;2.01430141313345;0.00975124899760868;0.356164369637657
20180706;96.5;13726.75;0.4;0.42;0.82;0.406;0.183693990762065;0.9219309178744;0.199249192320818;0.887;1.96730981626491;0.0104381090057305;0.381251931434305
20180706;97;14197.77;0.49;0.51;0.96;0.496;0.210169251991841;1.03465928447207;0.203128947998643;0.8563;1.98907966602755;0.0115463214683458;0.42172939163133
20180706;97.5;14681.95;0.6;0.63;1.14;0.609;0.242962345815778;1.15875743712687;0.209674896601486;0.8202;2.03580452827709;0.0129077288600157;0.471454796612073
20180706;98;15183.27;0.74;0.76;1.34;0.746;0.279932994549948;1.29381301088832;0.216362791372571;0.7811;2.12913204865259;0.014380810968188;0.525259120613066
20180713;85;6719.71;0.04;0.07;0.09;0.049;0.0398874335536671;0.230969024320462;0.17269603000238;0.9975;3.64502657853317;0.00462999120078996;0.0994767227110902
20180713;90;8400.03;0.11;0.14;0.22;0.119;0.0770590807122583;0.513860000326009;0.149961235868465;0.9863;3.06138096990815;0.00715546051092216;0.153737173624372
20180713;92;10031.97;0.19;0.22;0.34;0.199;0.116316057832526;0.705992732429691;0.164755318984972;0.9708;2.83164185505048;0.00904373967519543;0.194307406845008
20180713;92.5;10448.01;0.21;0.25;0.38;0.222;0.123100682639564;0.765503132168715;0.160810161926852;0.9642;2.762550764258;0.00919012639333802;0.197452568539218
20180713;93;10865.18;0.24;0.28;0.44;0.252;0.133355493346778;0.830737735544839;0.160526586961066;0.9557;2.67820556779282;0.00957345251624794;0.205688443032915
20180713;93.5;11291.82;0.28;0.32;0.49;0.292;0.148813047179216;0.902329715184952;0.164920920451693;0.9453;2.61767738246405;0.0102794923050304;0.220857915553669
20180713;94;11722.01;0.33;0.37;0.57;0.342;0.168731116922827;0.981033901050895;0.171993156140761;0.9343;2.63727371502547;0.0112276197682654;0.241228712962291
20180713;94.5;12157.68;0.38;0.41;0.65;0.389;0.179542466363785;1.06744533745813;0.168198276823545;0.9217;2.6750642865417;0.0115189019421265;0.247486996138923
20180713;95;12604.73;0.44;0.47;0.76;0.449;0.196200169942638;1.16185097056909;0.168868619911326;0.9058;2.68365000060894;0.0121411670504055;0.260856545009447
20180713;95.5;13054.89;0.51;0.55;0.87;0.522;0.218315745586508;1.26456656103287;0.172640770611705;0.889;2.73589418390534;0.0130438695046435;0.280251372739474
20180713;96;13523.62;0.59;0.64;0.98;0.605;0.240346935180107;1.37539150775799;0.174748014528528;0.8676;2.75417722673635;0.0138624576437731;0.297838979669891
20180713;96.5;13994.63;0.69;0.74;1.12;0.705;0.268507812300565;1.49457902045657;0.179654477030288;0.8432;2.78375119706272;0.0149654612943994;0.321537337516435
20180713;97;14488.71;0.81;0.86;1.28;0.825;0.303874275111124;1.62189657558939;0.187357368949804;0.8175;2.85548342404864;0.0163590778327868;0.351479598730905
20180713;97.5;14986.69;0.95;0.99;1.47;0.962;0.341690141251359;1.75694355934487;0.194479862164024;0.7859;2.897290325776;0.0177836673859311;0.382087324277138
20180713;98;15510.53;1.1;1.15;1.67;1.115;0.379803468399745;1.89936562991816;0.199963325869022;0.7535;2.98254171034586;0.0190997151839299;0.410362998290024
20180720;55;4317.06;-1;0.01;-1;0.003;0.003;0;∞;1;0;0.00054203555197287;0.00824910355658712
20180720;60;4711.56;-1;0.01;-1;0.003;0.003;0;∞;1;0;0.000496650790820875;0.00755840422280518
20180720;65;5111.36;-1;0.02;-1;0.006;0.00586909737369394;0.0130902626306061;0.448355968043874;0.9999;1.30902626306061;0.000895631681486194;0.013630394652618
20180720;70;5508.25;0.01;0.03;0.03;0.016;0.0153690973736939;0.0630902626306061;0.243604904035352;0.9999;6.30902626306061;0.00217635291634934;0.0331213709456916
20180720;72.5;5708.54;0.01;0.04;0.03;0.019;0.0181190973736939;0.0880902626306061;0.205687857347795;0.9999;8.80902626306061;0.00247574615426734;0.0376777617852561
20180720;75;5909.32;0.02;0.04;0.04;0.026;0.0243511778113255;0.117521995389332;0.207205278728071;0.9996;4.12205547168619;0.0032142308578371;0.0489165758677083
20180720;77.5;6114.43;0.06;0.07;0.06;0.063;0.0599926571398484;0.157759265693784;0.38027976915344;0.9992;3.75917857518948;0.00765308827954229;0.116470437254284
20180720;80;6326.64;0.05;0.08;0.08;0.059;0.0522890167828185;0.217519641908593;0.240387563734551;0.9974;2.58114739122364;0.00644661828246881;0.0981094719863222
20180720;82.5;6545.51;0.08;0.12;0.11;0.092;0.0751696079717846;0.320430278805184;0.234589590759262;0.9945;3.06007127785735;0.00895763572555721;0.136324018698324
20180720;85;6777.74;0.13;0.14;0.18;0.133;0.0954040389237217;0.48062899498423;0.198498301016675;0.9886;3.29789132248055;0.0109793456757714;0.167091917003146
20180720;87;6980.73;0.18;0.19;0.28;0.183;0.113261534599128;0.659563584998488;0.171721934283846;0.9784;3.22863265744777;0.0126554095327165;0.192599513826029
20180720;87.5;7036.23;0.2;0.21;0.31;0.203;0.121549012132388;0.713248313007445;0.170416122850499;0.9751;3.27112401074749;0.0134742936861447;0.205061907036015
20180720;88;7092.15;0.22;0.23;0.33;0.223;0.128110631604343;0.770953051247964;0.166171768043419;0.9711;3.28336914863865;0.0140897037783165;0.214427679376255
20180720;89;7720.28;0.27;0.28;0.41;0.273;0.143988538122193;0.899356967759897;0.160101654052714;0.9603;3.24965898936542;0.0145475371016738;0.221395330266099
20180720;90;8559.03;0.34;0.35;0.51;0.343;0.168348910088331;1.04719975305264;0.160761029209171;0.9477;3.33940898492674;0.0153419429384987;0.233485194095277
20180720;91;9410.16;0.42;0.43;0.61;0.423;0.188105924345272;1.21613393098651;0.154675335958009;0.9319;3.44925221225739;0.0155919369053568;0.237289789778399
20180720;92;10282.14;0.53;0.54;0.77;0.533;0.220254250854332;1.40735458289046;0.156502315430677;0.9121;3.55797211769815;0.0167084201991394;0.254281269905653
20180720;92.5;10728.81;0.59;0.6;0.86;0.593;0.232773135444387;1.51148571177065;0.154002868589279;0.898;3.53163592701581;0.0169229435181182;0.257546046666361
20180720;93;11182.43;0.66;0.67;0.95;0.663;0.24884606597744;1.62160054989321;0.153457068076246;0.8866;3.65215109367337;0.0173575807281962;0.264160681707236
20180720;94;12103.37;0.83;0.84;1.16;0.833;0.289709398871939;1.85954219981465;0.155796087284718;0.8543;3.72883048131819;0.0186702820057647;0.284138354275232
20180720;94.5;12578.14;0.93;0.94;1.28;0.933;0.312266954559446;1.98722774818146;0.157136973779279;0.8361;3.78726690323706;0.0193644071823312;0.294702071806103
20180720;95;13053.71;1.04;1.05;1.42;1.043;0.335949928414066;2.12076472271852;0.158409806054972;0.8169;3.86155145595813;0.020074058958179;0.305502084769787
20180720;95.5;13559.86;1.16;1.17;1.57;1.163;0.359147699442388;2.25964838602515;0.158939639310056;0.796;3.94045245371378;0.0206591517585774;0.314406465825849
20180720;96;14065;1.3;1.31;1.73;1.303;0.391947117807086;2.40391064885032;0.163045626506349;0.7745;4.04014581903731;0.0217361359324228;0.33079681872156
20180720;96.5;14567.22;1.44;1.46;1.91;1.446;0.415718583294349;2.55282932172555;0.162846211361028;0.7483;4.09329128607728;0.0222596003197311;0.338763292365907
20180720;97;15093.17;1.6;1.62;2.11;1.606;0.443973060210892;2.70617528409433;0.164059239924466;0.7254;4.23170771955247;0.0229440857662436;0.34918030525502
20180720;97.5;15607.25;1.77;1.79;2.3;1.776;0.470518267056298;2.86395015990839;0.164289963436846;0.7003;4.35596173821722;0.0235149849143131;0.357868676664702
20180720;98;16161.38;1.96;1.97;2.51;1.963;0.501137646466459;3.02523227520792;0.165652618006668;0.6731;4.47189462689979;0.0241865090879515;0.368088435182262
20180727;80;6354.17;0.08;0.12;0.11;0.092;0.077265986641416;0.344994336202502;0.22396305832703;0.9958;3.50809841871047;0.00948471154852711;0.111751319132243
20180727;85;6820.53;0.17;0.2;0.23;0.179;0.119191943732156;0.661524793281555;0.180177591138941;0.9835;3.62473068289962;0.0136308638934338;0.160602356034732
20180727;90;8649.76;0.44;0.47;0.62;0.449;0.215572033901037;1.29102276289345;0.166977717277343;0.9377;3.74683733706201;0.0194394048439273;0.229040084491756
20180727;94;12253.74;1.01;1.04;1.34;1.019;0.376568718971577;2.13769800989701;0.176156181662779;0.8462;4.17705644361783;0.0239701185758658;0.282422122897903
20180727;94.5;12729.14;1.11;1.14;1.47;1.119;0.394714681150412;2.26725364423074;0.17409374648258;0.8258;4.15778024597926;0.0241868226209564;0.284975385880785
20180727;95;13217.33;1.22;1.26;1.61;1.232;0.416283737795303;2.40186729805338;0.173316709933427;0.8086;4.26184045039026;0.0245663318900517;0.289446862027141
20180727;95.5;13717.81;1.34;1.43;1.76;1.367;0.451714128697596;2.54195817160932;0.177703210754099;0.7931;4.42380798116193;0.0256846406521249;0.302623064457697
20180727;96;14218.95;1.47;1.6;1.93;1.509;0.484928593942218;2.68689173107552;0.18047939495802;0.771;4.47192753737023;0.02660142297954;0.31342483042829
20180727;96.5;14731.34;1.65;1.68;2.11;1.659;0.515163504160071;2.83599479618096;0.181651780480629;0.7492;4.56075157830913;0.0272770524096827;0.321385270730213
20180727;97;15260.5;1.81;1.85;2.31;1.822;0.546754061868024;2.9889209888301;0.182926903692436;0.7264;4.66098661597945;0.0279458843587732;0.329265621356191
20180727;97.5;15790.37;1.99;2.02;2.52;1.999;0.580681123970439;3.14549231235009;0.184607389339507;0.7018;4.75626718990463;0.0286840192279815;0.337962516871621
20180727;98;16331.56;2.18;2.21;2.72;2.189;0.615231405720462;3.30516363714596;0.186142494975444;0.6762;4.86031066794175;0.029383628781449;0.346205497174975
20180803;80;6370.01;0.1;0.13;0.14;0.109;0.0933288002483778;0.285288423986636;0.327138405912851;0.9953;3.33429781949407;0.0114279984166013;0.109844116359569
20180803;85;6856.55;0.21;0.25;0.3;0.222;0.15047700743413;0.671266008034554;0.224168966747954;0.9791;3.42215275434784;0.0171182396100986;0.164537816252329
20180803;90;8744.64;0.54;0.56;0.74;0.546;0.268334226361573;1.3844431853074;0.193821046041693;0.928;3.85646907831149;0.0239347413457874;0.230056954646023
20180803;94;12381.32;1.15;1.19;1.51;1.162;0.424247342980422;2.28980519678367;0.185276609371108;0.8286;4.30427454503838;0.0267267890277231;0.256893676115155
20180803;94.5;12860.7;1.26;1.3;1.65;1.272;0.444499116713823;2.42585268525553;0.183234175519195;0.8128;4.42041070131505;0.0269588211401232;0.259123932142894
20180803;95;13383.99;1.39;1.43;1.79;1.402;0.477032865858135;2.56700884474344;0.185832186295335;0.7961;4.53637633223082;0.0278008004615473;0.26721690443632
20180803;95.5;13860.16;1.52;1.56;1.95;1.532;0.500857079188089;2.71279063032946;0.184627989196225;0.7789;4.66369480240575;0.0281864366476801;0.270923578567504
20180803;96;14387.01;1.67;1.71;2.12;1.682;0.535702544634432;2.86295426896316;0.187115299200515;0.7595;4.76630958571962;0.0290434207535031;0.279160774479395
20180803;96.5;14910.59;1.81;1.98;2.31;1.861;0.589559898010725;3.01696205753106;0.195415085363451;0.7398;4.88639547267208;0.0308409473031158;0.296438315854291
20180803;97;15424.04;1.99;2.03;2.5;2.002;0.595192968247565;3.17456373449089;0.187488114281951;0.7186;4.99931425640524;0.0300991514047617;0.289308290804979
20180803;97.5;15963.62;2.16;2.27;2.7;2.193;0.639777938184311;3.33520117164151;0.191825891530683;0.6946;5.08586136809329;0.0312602524855742;0.300468611062
20180803;98;16501.06;2.36;2.4;2.92;2.372;0.660387740832612;3.49829084900375;0.188774395651144;0.671;5.2024688728492;0.0312163241542929;0.300046378877776
20180817;65;5134.01;0.02;0.05;0.02;0.029;0.0268614081061152;0.113831985884639;0.235974167518587;0.9995;4.27718378776954;0.00408100068421563;0.0286651057674953
20180817;70;5551.29;0.06;0.07;0.07;0.063;0.056077592919767;0.232668766940678;0.241018997337381;0.9985;4.61493805348869;0.00787934380610961;0.0553448139457988
20180817;75;5978.57;0.1;0.12;0.12;0.106;0.0882965567706933;0.414244641066241;0.213150752037306;0.997;5.90114774310224;0.0115196968976094;0.0809147940740739
20180817;80;6425.41;0.18;0.2;0.22;0.186;0.138021873623261;0.684000611841986;0.20178618444737;0.9898;4.70373788007247;0.0167548936840051;0.11768701765544
20180817;85;6957.31;0.37;0.38;0.46;0.373;0.234017942508666;1.14056122175211;0.205177887907825;0.9691;4.49780121331178;0.0262362889042977;0.184284702351822
20180817;87.5;7294.62;0.54;0.55;0.68;0.543;0.300816313628975;1.47999441288544;0.203255033269007;0.946;4.4848830809449;0.03216572276974;0.225933273877837
20180817;90;8935.03;0.81;0.82;1.03;0.813;0.396199699860504;1.92067940275005;0.206281016651306;0.9127;4.77434478968495;0.0345869869369429;0.242940326513815
20180817;92.5;11233.98;1.22;1.24;1.52;1.226;0.52811564568903;2.47144445962575;0.213687037809866;0.8604;4.99917159248546;0.0366682336658462;0.257559083585583
20180817;95;13677.58;1.83;1.85;2.24;1.836;0.700402868577824;3.13280465566626;0.223570552766836;0.7878;5.35154161838914;0.0399423170978128;0.280556371538003
20180817;97.5;16309.53;2.68;2.7;3.23;2.686;0.908488363051826;3.8898258602533;0.233555021661732;0.6961;5.84900176685809;0.04344827368909;0.305182345479618
20180921;35;2748.95;-1;0.01;-1;0.003;0.003;0;∞;1;0;0.000851234107568344;0.003573715606774
20180921;37.5;2946.4;0.01;0.01;0.01;0.01;0.01;0;∞;1;0;0.00264729839804507;0.0111140889642065
20180921;40;3145.35;0.01;0.02;0.01;0.013;0.0129873565817413;0.00126434182586749;10.2720295382386;0.9999;0.126434182586749;0.00322067119200033;0.0135212661250359
20180921;42.5;3343.85;0.02;0.03;0.02;0.023;0.0227373565817413;0.0262643418258675;0.8657120263089;0.9999;2.62643418258675;0.00530380792612056;0.022266848793282
20180921;45;3542.12;0.03;0.03;0.03;0.03;0.0293178496504396;0.0539924525264991;0.542999035579104;0.9998;3.41075174780203;0.0064559988728058;0.027104064233245
20180921;47.5;3741.44;0.03;0.04;0.03;0.033;0.0318178496504396;0.0870371791583421;0.365566186290977;0.9998;5.91075174780203;0.00663325423562663;0.027848231144398
20180921;50;3941.12;0.04;0.06;0.04;0.046;0.0440496425735027;0.123705830732127;0.356083802297791;0.9996;4.87589356624331;0.00871800940020403;0.0366006084301669
20180921;55;4345.64;0.05;0.06;0.05;0.053;0.0480749882623028;0.219169278945039;0.219350944136466;0.9991;5.47223526410798;0.00862899155120907;0.0362268869434381
20180921;60;4755.95;0.07;0.11;0.07;0.082;0.0722528406315203;0.346793508786466;0.208345424008524;0.9989;8.86105397134517;0.0118498335122501;0.0497488700040155
20180921;62.5;4962.65;0.05;0.09;0.08;0.062;0.0491841641763817;0.41961726393312;0.117211965292784;0.9983;7.53872695506956;0.00773047626924683;0.0324546719234759
20180921;65;5174.83;0.08;0.13;0.1;0.095;0.0778963045417466;0.500672001383561;0.15558350442303;0.9981;9.00194497802813;0.0117412779825738;0.0492931239440813
20180921;67.5;5386.31;0.1;0.13;0.12;0.109;0.086019956449542;0.591106561275965;0.145523602823591;0.997;7.66001451681934;0.01245668482331;0.0522965992151031
20180921;70;5604.51;0.12;0.15;0.15;0.129;0.0975709123050385;0.69555789306698;0.140277198027056;0.9961;8.05874043460552;0.0135792980292532;0.0570096391400545
20180921;72.5;5826.62;0.15;0.19;0.19;0.162;0.119489101631268;0.816374930098064;0.146365471581684;0.9947;8.02092422051553;0.0159958087660408;0.0671548178367404
20180921;75;6060.43;0.2;0.23;0.26;0.209;0.149816139340306;0.957037974060486;0.156541478395754;0.9916;7.04569769758261;0.0192818972722131;0.0809507238928259
20180921;77.5;6301.19;0.26;0.29;0.34;0.269;0.182770270687584;1.12695298016982;0.16218091961569;0.9865;6.38738735647525;0.0226244266775507;0.0949835844135102
20180921;80;6574.83;0.35;0.38;0.49;0.359;0.23040194130505;1.33813561616006;0.172181308473213;0.9793;6.21246660362079;0.0273335605966905;0.114753827677485
20180921;82.5;6875.33;0.47;0.51;0.64;0.482;0.28824482836325;1.60104744565553;0.180035157075081;0.9673;5.92523460662843;0.0327011163279923;0.137288307342519
20180921;85;7220.09;0.66;0.68;0.88;0.666;0.369420572767268;1.92868792041053;0.191539838487004;0.95;5.93158854465463;0.0399092042839451;0.167549849019666
20180921;87.5;7627.97;0.93;0.95;1.21;0.936;0.485149828536532;2.33387429900442;0.207873161268148;0.9249;6.00333117794232;0.0496091183183068;0.208272763974271
20180921;90;9325.39;1.31;1.33;1.67;1.316;0.63496556579722;2.82500061404351;0.224766523108246;0.8893;6.15207257635754;0.0531101799840899;0.222971186657343
20180921;92.5;11718.47;1.81;1.84;2.25;1.819;0.804633314420662;3.40701975327645;0.23616925427182;0.843;6.46093430305311;0.0535576730791747;0.22484988611688
20180921;95;14231.12;2.51;2.54;3.03;2.519;1.03958511658312;4.07691729955257;0.254992937113836;0.7834;6.83017028354977;0.0569790986889882;0.239213974668425
20180921;97.5;16912.49;3.4;3.45;4.05;3.415;1.30875038734421;4.82310357386957;0.271350255556341;0.712;7.31336671061038;0.0603592553271862;0.253404804692584
20181019;55;4361.94;0.04;0.07;0.06;0.049;0.0358143024290774;0.443384210331774;0.0807748710814002;0.9987;10.1428442853251;0.00640429622935675;0.0203406017197613
20181019;60;4785;0.08;0.1;0.07;0.086;0.0638475799773916;0.607722907729361;0.105060347677111;0.9978;10.0692818284584;0.0104077559837754;0.0330559380267302
20181019;65;5210.02;0.12;0.14;0.15;0.126;0.089696722607442;0.809288784278773;0.110834011727196;0.9967;11.00099314926;0.0134286324493581;0.0426505043663309
20181019;70;5654.28;0.19;0.22;0.23;0.199;0.138213960013759;1.05952268312401;0.130449269482588;0.9933;9.07254328152855;0.0190664220397171;0.0605566143478842
20181019;75;6141.56;0.31;0.34;0.38;0.319;0.209952752350214;1.39119646566285;0.150915242765644;0.9865;8.07757389998412;0.026664747528831;0.0846895568252654
20181019;80;6728.3;0.54;0.58;0.67;0.552;0.34738755567192;1.84876277457595;0.187902720916479;0.9723;7.38673084216897;0.0402720291045431;0.127907466351603
20181019;82.5;7073.44;0.72;0.77;0.91;0.735;0.444441954295201;2.14442076149477;0.207255013696753;0.958;6.91804870725713;0.0490093539141148;0.155657969714178
20181019;85;7470.21;0.98;1.01;1.2;0.989;0.572404931105413;2.50182540615513;0.228794914983736;0.9406;7.01338499822537;0.0597675093822292;0.189826806972689
20181019;87.5;7939.25;1.31;1.35;1.61;1.322;0.726584684836424;2.92932091142602;0.248038609222476;0.9141;6.93149377373196;0.0713840796262129;0.226722044204124
20181019;90;9715.46;1.76;1.8;2.12;1.772;0.919871126451532;3.43384882985784;0.267883407811408;0.8789;7.03657203590808;0.0738513131269332;0.234558192344455
20181019;92.5;12146.29;2.35;2.38;2.77;2.359;1.149462037501;4.02018821195773;0.285922443651273;0.8343;7.29956525346412;0.0738151640748555;0.234443379811661
20181019;95;14709.54;3.05;3.2;3.56;3.095;1.40206394842271;4.68587395354239;0.29921076886048;0.7781;7.62927468038434;0.0743469802434146;0.236132474207889
20181019;97.5;17412.08;4;4.1;4.57;4.03;1.70036810882147;5.42051034166395;0.313691516415317;0.7105;8.04708770700701;0.0761705163817733;0.241924183551676
