Expiry;Strike;ReqMar;Bid;Ask;Last/Close;Premium;E[PnL];S[PnL];Sharpe;Prob(%);LGL;E[Return](%);Ann[Return](%)
20180706;162.5;12771.53;0.02;0.06;0.02;0.032;0.032;0;∞;1;0;0.00195434689500788;0.0713825203401628
20180706;165;12984.31;0.04;0.07;0.04;0.049;0.0486701188119446;0.0252416871304121;1.92816425306631;0.9998;1.64940594027722;0.00292373585298847;0.106789452030404
20180706;167.5;13163.74;0.08;0.08;0.08;0.08;0.0789893707617575;0.0621502798668192;1.27094151355428;0.9997;3.36876412747502;0.00468041067311956;0.170951999835692
20180706;170;13378.04;0.1;0.1;0.1;0.1;0.0979944645777927;0.106716192005434;0.918271751795666;0.9996;5.01383855551821;0.00571351874943402;0.208686272323078
20180706;172.5;13599.88;0.06;0.12;0.14;0.078;0.074662466337894;0.156001769919965;0.478600123422951;0.9993;4.76790523157996;0.00428214982364237;0.156405522308537
20180706;175;15498.98;0.09;0.16;0.18;0.111;0.104564167659784;0.218187692536711;0.479239532001518;0.9982;3.57546241123087;0.00526228505196031;0.19220496152285
20180706;177.5;17493.33;0.14;0.21;0.24;0.161;0.146718998886922;0.310286308678756;0.47285037974016;0.9951;2.91449002307709;0.00654196880364112;0.238945410552992
20180706;180;19497.46;0.2;0.26;0.33;0.218;0.185440715097836;0.455267282407666;0.407322736035716;0.9895;3.10088427639661;0.0074185949234573;0.270964179579278
20180706;182.5;21525.14;0.27;0.33;0.46;0.288;0.21311056353819;0.675547307658737;0.315463567276692;0.9748;2.97180303419881;0.00772242315542608;0.282061505751938
20180706;185;23606.58;0.42;0.48;0.68;0.438;0.271803882721501;1.00473016927533;0.270524257191902;0.948;3.19607917843267;0.00898084468494678;0.328025352117681
20180706;187.5;25778.53;0.68;0.72;1.05;0.692;0.340391224531202;1.46800374608802;0.231873539449941;0.8962;3.38736777908283;0.0102994684000344;0.376188083311255
20180706;190;28086.91;1.11;1.18;1.6;1.131;0.417184957415878;2.08242709779236;0.200335924296292;0.8053;3.66623031630263;0.0115856200195887;0.423164771215476
20180706;192.5;30625.27;1.81;1.92;2.45;1.843;0.471517709112416;2.83345572939819;0.166410826264282;0.6589;4.02076309260505;0.0120091614900925;0.438634623425628
20180713;162.5;12860.69;0.14;0.14;0.14;0.14;0.138252014460233;0.092322835315655;1.49748449543978;0.9995;3.49597107953391;0.00838497555566473;0.180153665982738
20180713;165;13044.91;0.1;0.15;0.17;0.115;0.110949781423639;0.149817990032786;0.740563809455455;0.9988;3.37518214696744;0.00663406872952274;0.142534917850481
20180713;167.5;13304.86;0.12;0.19;0.2;0.141;0.133826047804117;0.224083288276351;0.5972156550964;0.9983;4.21997187993143;0.00784557802842051;0.168564551463564
20180713;170;13526.91;0.16;0.22;0.23;0.178;0.16544266029587;0.313814454564742;0.527198979809066;0.9972;4.48476418004626;0.00953989307467699;0.20496740856034
20180713;172.5;13715.99;0.2;0.27;0.27;0.221;0.198570770703492;0.428297849794467;0.463627755308094;0.9948;4.31331332625154;0.0112923092790767;0.242618586128399
20180713;175;15631.09;0.27;0.34;0.38;0.291;0.252311299113646;0.576167583704947;0.437913041707764;0.9912;4.39644328254018;0.012590472789079;0.270510010953593
20180713;177.5;17758.38;0.35;0.42;0.5;0.371;0.300845609332287;0.770066819065308;0.390674681578214;0.9831;4.15114737678774;0.013214019256215;0.283907090196032
20180713;180;19830.5;0.47;0.55;0.64;0.494;0.36747391479507;1.03007258096677;0.356745652282268;0.9712;4.39326684739341;0.014453980158854;0.310548014883613
20180713;182.5;21837.74;0.66;0.73;0.87;0.681;0.454359242222011;1.37303997134227;0.330914796149623;0.9477;4.33347529212215;0.0162287951469872;0.348680436908064
20180713;185;24027.22;0.96;1.03;1.27;0.981;0.582937159015339;1.81761851056604;0.320714801057898;0.9124;4.54409635827238;0.0189239947040051;0.406587592096344
20180713;187.5;26325.77;1.37;1.47;1.79;1.4;0.720556779540721;2.37344255069998;0.303591413800268;0.8537;4.64417785686452;0.0213492060457021;0.458693971070158
20180713;190;28782.53;2.02;2.14;2.52;2.056;0.905713011962762;3.04193141142607;0.297742746125285;0.768;4.95813356912603;0.0245446161032736;0.527348295983569
20180713;192.5;31452.84;-1;-1;-1;-1;-2.87389554762127;3.8086958106319;-0.7545615849916;0.6512;5.37240695992337;-0.0712698289612191;-1.53125323694619
20180720;145;11412.86;0.03;0.07;0.03;0.042;0.042;0;∞;1;0;0.00287044614583899;0.0436846022819872
20180720;150;11836.17;0.04;0.09;0.09;0.055;0.0548209304043581;0.0179069595641911;3.06143151816707;0.9999;1.79069595641911;0.00361268262583245;0.0549805137118876
20180720;155;12229.81;0.07;0.12;0.1;0.085;0.0839951530857379;0.0714237777616247;1.17601106687565;0.9996;2.51211728565514;0.00535709217125005;0.0815282464812117
20180720;160;12654.49;0.1;0.17;0.17;0.121;0.116616104844223;0.168450475218277;0.692287182289704;0.9987;3.37222704290568;0.00718800692706649;0.109392480421293
20180720;165;13098.66;0.17;0.23;0.24;0.188;0.174318029210456;0.336846232266911;0.517500308782819;0.9976;5.70082116231016;0.0103803032359154;0.157975239871587
20180720;170;13570.21;0.28;0.34;0.34;0.298;0.263528769760617;0.57963044059504;0.454649637603716;0.9934;5.22291367263374;0.0151473293643416;0.230523418763573
20180720;175;15756.48;0.44;0.5;0.59;0.458;0.363396747842222;0.961961485192279;0.37776642145874;0.9819;5.22669901424189;0.0179893899726927;0.273776028646917
20180720;180;19940.22;0.76;0.82;1;0.778;0.527441041470217;1.57127601850442;0.33567688633869;0.951;5.11344813326088;0.0206318692746002;0.313991260522822
20180720;182.5;22110.69;1.03;1.09;1.34;1.048;0.645792086631015;1.99379258081528;0.323901339008367;0.926;5.43524207255385;0.0227816421636861;0.346708116678597
20180720;185;24367.96;1.4;1.48;1.76;1.424;0.790189290130512;2.507004515386;0.315192607464789;0.8872;5.61888927189263;0.0252933625261121;0.384933360944269
20180720;187.5;26743.67;1.93;2.02;2.4;1.957;0.975893998192817;3.11541455810369;0.313246914653577;0.831;5.80536095743895;0.0284627098147112;0.433166864992636
20180720;190;29269.44;2.66;2.74;3.2;2.684;1.18850405925388;3.81321246561542;0.311680523960016;0.7526;6.04485020511771;0.0316723916213643;0.482014209987638
20180720;192.5;31968.4;3.55;3.7;4.22;3.595;1.36409380730809;4.58413666544219;0.297568311519026;0.6542;6.4514349123537;0.0332826531731432;0.506520377978773
20180727;160;12758.42;-1;-1;-1;-1;-1.01062621188486;0.28701213791814;-3.52119676615595;0.9977;4.62009212385173;-0.0617857419077119;-0.727975555864251
20180727;162.5;12989.96;-1;-1;-1;-1;-1.01838084804302;0.391287788074684;-2.60263897591573;0.9962;4.83706527448028;-0.0611500775578647;-0.720485994451938
20180727;165;13288.3;-1;-1;-1;-1;-1.03104259209341;0.522589494590361;-1.97294932784978;0.9938;5.00686969248549;-0.0605203992860531;-0.713066962555836
20180727;167.5;13592.76;-1;-1;-1;-1;-1.04979653577283;0.685754188857696;-1.53086419715721;0.9905;5.24174060766635;-0.0602409884308123;-0.709774871753361
20180727;170;13774.85;-1;-1;-1;-1;-1.08022543304935;0.886408325253542;-1.2186544307787;0.9849;5.31294258604979;-0.061167696038686;-0.72069357993968
20180727;172.5;14228.6;-1;-1;-1;-1;-1.12946661400502;1.13547485375187;-0.994708610475175;0.9752;5.22042798407352;-0.0619164189677072;-0.729515226708227
20180727;175;16211.16;-1;-1;-1;-1;-1.2059558238802;1.44568369388217;-0.834176818195814;0.963;5.56637361838385;-0.0580245671886872;-0.683660424698967
20180727;177.5;18356.82;1.06;1.14;1.27;1.084;0.767978764014867;1.82236238251519;0.421419346329415;0.9462;5.87400066886864;0.0326322007805054;0.384481010809019
20180727;180;20446.99;1.33;1.44;1.63;1.363;0.881837259595225;2.2706153399601;0.388369286543586;0.92;6.01453425505969;0.0336398199678425;0.396353040104983
20180727;182.5;22697.74;1.74;1.86;2.09;1.776;1.05527890448108;2.79944906452965;0.376959494584832;0.8843;6.22922295176251;0.0362642952776461;0.42727528548904
20180727;185;25368.26;2.24;2.36;2.65;2.276;1.20565416032201;3.41118795689036;0.353441140024745;0.8354;6.50270862501816;0.0370703487370111;0.436772415361074
20180727;187.5;27548.54;2.91;3.15;3.35;2.982;1.43188263153659;4.10728150554988;0.348620524208479;0.7785;6.99827254385286;0.0405418382461844;0.477674400626415
20180727;190;30162.84;3.75;3.9;4.23;3.795;1.60089543577819;4.87255291556158;0.328553730153526;0.7048;7.43260353733674;0.0413985698928546;0.487768633979521
20180727;192.5;32919.81;-1;-1;-1;-1;-4.03196290606468;5.6872632129094;-0.708946070389815;0.6234;8.05088397786691;-0.0955330868170396;-1.12559548257818
20180803;160;12817.28;-1;-1;-1;-1;-1.01854744386067;0.433691824440169;-2.34855117496269;0.9957;4.31335903736543;-0.0619840563841411;-0.595780963008093
20180803;162.5;13123.39;0.35;0.46;0.47;0.383;0.351759900812424;0.556844993347056;0.631701649498692;0.9934;4.73334836175401;0.0209071530019065;0.200956253524904
20180803;165;13323.54;0.42;0.54;0.59;0.456;0.404847821438674;0.714994716013181;0.566224913795322;0.9899;5.06457213478472;0.0237010059430276;0.227810326860285
20180803;167.5;13702.01;0.56;0.64;0.71;0.584;0.502838139280191;0.912873754763272;0.550829878344556;0.9854;5.5590315561513;0.0286245411175841;0.275134569557832
20180803;170;13991.4;0.69;0.75;0.83;0.708;0.583125632170246;1.1543587142701;0.505151150124905;0.979;5.94639846808353;0.0325083975222488;0.312465584078984
20180803;172.5;14324.43;0.81;0.92;1;0.843;0.655076626638433;1.44438586217679;0.453532981589275;0.9699;6.24330144058363;0.0356705131567523;0.342859340276415
20180803;175;16386.35;1.05;1.14;1.26;1.077;0.798786111301491;1.78738989270786;0.446900877396898;0.9565;6.39572157927607;0.0380226936941517;0.365468128204971
20180803;177.5;18423.93;1.31;1.39;1.58;1.334;0.918927700049989;2.19321490684803;0.418986619679064;0.934;6.28897424166684;0.0389039475312266;0.373938600941592
20180803;180;20668.72;1.66;1.75;1.98;1.687;1.07091864920321;2.6741912796987;0.400464490828744;0.9046;6.45787579451565;0.0404145271878714;0.388458054088685
20180803;182.5;23171.12;2.11;2.22;2.4;2.143;1.24003756983792;3.23622535786193;0.383174047760746;0.8661;6.74355810427241;0.0417428809860542;0.401225981056745
20180803;185;25601.77;2.69;2.79;3.02;2.72;1.42427567662715;3.88011496013749;0.367070484060267;0.8171;7.08433200313203;0.0433928993100547;0.417085696657828
20180803;187.5;28195.52;3.35;3.55;3.8;3.41;1.59218157691482;4.59953408087558;0.346161491342125;0.7619;7.63468468326408;0.0440460622820065;0.423363796013234
20180803;190;30843.43;4.2;4.45;4.68;4.275;1.78397533383316;5.38133436254035;0.3315117057679;0.6971;8.22391768295423;0.0451149810637101;0.433638074566319
20180803;192.5;33570.38;5.25;5.4;5.75;5.295;1.9601545556274;6.20759931296574;0.315766926440185;0.6247;8.88581253496564;0.0455437368712945;0.437759207690535
20180817;125;9827.64;0.03;0.15;0.03;0.066;0.066;0;∞;1;0;0.0052382871167442;0.0367939301805927
20180817;130;10250.22;0.06;0.11;0.06;0.075;0.075;0;∞;1;0;0.00570719457728712;0.0400875542183485
20180817;135;10690.62;0.12;0.13;0.12;0.123;0.122563803804519;0.043619619548098;2.80983202224796;0.9999;4.3619619548098;0.00894239688320461;0.0628117396459708
20180817;140;11118.08;0.1;0.21;0.17;0.133;0.131608434474367;0.104102798797239;1.2642161017275;0.9998;6.95782762816346;0.0092331210865551;0.0648537976320048
20180817;145;11525.67;0.17;0.24;0.22;0.191;0.188104724546445;0.175113097101682;1.07418992445333;0.9994;4.82545908925782;0.0127299918483027;0.0894159523575495
20180817;150;11977.48;0.24;0.31;0.3;0.261;0.254720432823825;0.275771496022341;0.923664833015191;0.9992;7.84945897021925;0.0165879582017739;0.116514456407652
20180817;155;12443.24;0.33;0.39;0.39;0.348;0.333181696883382;0.413959883627329;0.804864698395103;0.9967;4.49039488382357;0.0208853741926571;0.146699671612846
20180817;160;12932.42;0.47;0.5;0.56;0.479;0.44091917665572;0.649087889654995;0.679290406866285;0.9934;5.76982171883037;0.0265933953422067;0.186793031706558
20180817;165;13473.34;0.65;0.69;0.81;0.662;0.573608679608156;1.00745486239763;0.569364148228964;0.9853;6.01301499264243;0.0332074133135779;0.233250148322776
20180817;170;14103.66;0.95;0.98;1.16;0.959;0.762883992453466;1.53032326236082;0.498511661697261;0.9704;6.62554079549103;0.042191141456452;0.296352200326328
20180817;175;16538.89;1.43;1.46;1.7;1.439;1.02592789876577;2.26440571063163;0.453067175174895;0.9403;6.91913067394013;0.0483843692676657;0.339853670673364
20180817;180;21067.5;2.18;2.22;2.53;2.192;1.3662706607767;3.25512700255355;0.419728833838098;0.8902;7.52030363591346;0.0505846026061862;0.355308194267491
20180817;185;25882.42;3.3;3.4;3.74;3.33;1.77267617604802;4.52163683295637;0.392043023696133;0.8133;8.34131667890722;0.053421875439679;0.375237307775822
20180817;190;31101.95;4.9;5.05;5.48;4.945;2.20299780419148;6.03443971303423;0.365070811699894;0.7094;9.43565793464734;0.0552485708217445;0.388068086396965
