Expiry;Strike;ReqMar;Bid;Ask;Last/Close;Premium;E[PnL];S[PnL];Sharpe;Prob(%);LGL;E[Return](%);Ann[Return](%)
20180706;190;14946.32;0.03;0.09;0.1;0.048;0.0476775115150189;0.0322488484981099;1.47842523796821;0.9999;3.22488484981099;0.00248813480386575;0.0908791237111965
20180706;195;15348.82;0.15;0.11;0.15;0.138;0.137177511515019;0.0822488484981099;1.66783503988109;0.9999;8.22488484981099;0.00697111953763969;0.25462014111229
20180706;200;15761.09;0.07;0.12;0.19;0.085;0.0836307413988591;0.132331057006585;0.631981209027124;0.9998;6.84629300570467;0.00413879866754838;0.151169621332205
20180706;205;16175.72;0.08;0.15;0.24;0.101;0.0978453502053276;0.196573114148926;0.497755507557349;0.9994;5.25774965778737;0.00471814380813686;0.172330202592199
20180706;207.5;16383.5;0.1;0.23;0.26;0.139;0.133841095535601;0.2425555766168;0.551795581872145;0.999;5.15890446439912;0.00637202395811449;0.232738175070132
20180706;210;16591.81;0.12;0.56;0.28;0.252;0.243584070555622;0.303143368642882;0.803527623401771;0.9982;4.67551635798801;0.011451166270189;0.418253848018654
20180706;212.5;16807.75;-1;-1;-1;-1;-1.0136203046667;0.382232859996099;-2.65183978341643;0.9973;5.04455728396205;-0.047039243065849;-1.71810835298014
20180706;215;17022.42;-1;-1;-1;-1;-1.02209487043447;0.483125970359132;-2.11558668575547;0.9957;5.13834196150518;-0.0468343513401084;-1.71062468269746
20180706;217.5;18232.02;-1;-1;-1;-1;-1.03503709301706;0.611232790588514;-1.69335989324214;0.9937;5.56144333604188;-0.0442808274976283;-1.61735722435087
20180706;220;20229.07;-1;-1;-1;-1;-1.05465973738982;0.769849141455925;-1.36995637274501;0.9904;5.69372264477264;-0.0406659621605965;-1.48532426791579
20180706;222.5;22235.24;-1;-1;-1;-1;-1.08342806323512;0.963715767234985;-1.12421950544983;0.9857;5.83413029616216;-0.0380060610689785;-1.38817138054444
20180706;225;24262.71;0.34;0.43;0.89;0.367;0.238761781354949;1.20035106114603;0.198909959830412;0.9784;5.9369545669005;0.00767573735402436;0.28035630685574
20180706;227.5;26318.82;0.43;0.55;1.15;0.466;0.266456439728328;1.49103453728388;0.178705746289227;0.9656;5.80068489161836;0.00789685947121095;0.28843279218598
20180706;230;28408.91;0.58;0.72;1.49;0.622;0.314521885892108;1.84712964292473;0.170276021012849;0.9431;5.40383328836366;0.00863556789035004;0.315414117195035
20180706;232.5;30557.55;0.8;0.99;1.97;0.857;0.373473261334979;2.28482940449375;0.163457832169194;0.9132;5.57058454683204;0.00953313154494662;0.348197629679175
20180706;235;32792.07;1.09;1.28;2.62;1.147;0.39262815224843;2.81651801220522;0.139401967445974;0.8687;5.745406304277;0.00933914689599574;0.341112340376245
20180706;237.5;35146.6;1.51;1.83;3.44;1.606;0.439837332355717;3.44516892758718;0.127667856526198;0.7974;5.75598552637849;0.00976120362246873;0.35652796231067
20180713;195;15433.17;0.14;0.2;0.24;0.158;0.152778882629336;0.193082192656064;0.79126345380529;0.999;5.2211173706643;0.00772151984659547;0.165899124939353
20180713;200;15870;0.18;0.27;0.29;0.207;0.195172512781858;0.346477080915142;0.563305694755777;0.9985;7.88499147876162;0.00959259987207617;0.20609982960446
20180713;205;16302.79;0.23;0.31;0.38;0.254;0.232888925875765;0.529864023031737;0.439525832577268;0.9974;8.11964389393663;0.0111424708398438;0.239399263191349
20180713;210;16747.44;0.29;0.36;0.51;0.311;0.271664724788968;0.755728922277307;0.359473769999878;0.9945;7.15186822018762;0.0126525896098386;0.271844609117267
20180713;212.5;16974.57;0.33;0.4;0.62;0.351;0.294681359063384;0.897919518270777;0.32818237388456;0.9922;7.22033858161742;0.0135409297596015;0.290930858511439
20180713;215;17210.87;0.38;0.45;0.72;0.401;0.321086520975323;1.06795150032227;0.300656463218067;0.989;7.26486172951608;0.0145517040312751;0.312647641024896
20180713;217.5;18451.42;0.43;0.52;0.86;0.457;0.343235677075425;1.26970139940711;0.270327871762368;0.9835;6.89480744997423;0.0145096598591779;0.311744309621454
20180713;220;20478.58;0.52;0.6;1.02;0.544;0.381300331518294;1.51099391647559;0.252350672865501;0.9772;7.13595037200466;0.0145231875737609;0.312034956548011
20180713;222.5;22546.19;0.63;0.73;1.26;0.66;0.429067160972748;1.79728025508043;0.23873136076574;0.9675;7.10562581622315;0.0148438554611109;0.318924600421808
20180713;225;24631.02;0.77;0.9;1.54;0.809;0.480180461538026;2.13533077938838;0.224874041142967;0.9531;7.01107757914657;0.0152060596759558;0.326706664508403
20180713;227.5;26767.6;0.96;1.1;1.91;1.002;0.530218622808944;2.53467746564649;0.209185835276958;0.9315;6.88731937505192;0.0154504148967773;0.331956708296936
20180713;230;28951.44;1.22;1.42;2.38;1.28;0.606697701129318;3.00519686921953;0.201882847457805;0.906;7.1627904135179;0.0163454462672968;0.351186720537068
20180713;232.5;31208.03;1.52;1.79;2.97;1.601;0.64469627485387;3.55013368310404;0.181597746000985;0.8663;7.15260826586485;0.0161132597727578;0.346198125411752
20180713;235;33546.69;1.98;2.27;3.72;2.067;0.719494475119443;4.1730382505016;0.172415020407004;0.819;7.44478190541745;0.0167290928134241;0.359429479417832
20180713;237.5;36008.12;2.53;2.89;4.6;2.638;0.763164399271481;4.86900936827743;0.156739151960489;0.758;7.74725454846496;0.0165314998792426;0.355184137111375
20180720;100;7849.12;-1;0.05;-1;0.015;0.015;0;∞;1;0;0.00149061296043378;0.0226852659916016
20180720;105;8241.94;-1;0.04;-1;0.012;0.012;0;∞;1;0;0.00113565495502273;0.0172832488467521
20180720;110;8634.86;0.01;0.05;0.01;0.022;0.022;0;∞;1;0;0.00198729336665563;0.0302441209237903
20180720;115;9028.01;0.01;0.05;0.01;0.022;0.022;0;∞;1;0;0.00190075110683307;0.0289270559071157
20180720;120;9421.81;0.02;0.05;0.02;0.029;0.029;0;∞;1;0;0.00240081258272031;0.0365373664932747
20180720;125;9817.94;0.04;0.05;0.04;0.043;0.043;0;∞;1;0;0.00341619525073488;0.0519902214721214
20180720;130;10213.85;0.01;0.06;0.07;0.025;0.025;0;∞;1;0;0.00190917234931001;0.0290552166910616
20180720;135;10611.75;0.07;0.06;0.07;0.067;0.067;0;∞;1;0;0.0049247296628737;0.0749482295568591
20180720;140;11008.5;0.02;0.06;0.08;0.032;0.032;0;∞;1;0;0.00226733887450606;0.0345060634963891
20180720;145;11405.54;0.08;0.06;0.08;0.074;0.074;0;∞;1;0;0.00506069857279883;0.0770175064047822
20180720;150;11803.46;0.09;0.07;0.09;0.084;0.084;0;∞;1;0;0.00555091473178204;0.0844779835743079
20180720;155;12199.53;0.01;0.08;0.1;0.031;0.031;0;∞;1;0;0.001982043570531;0.0301642255890186
20180720;160;12601.39;0.04;0.11;0.11;0.061;0.061;0;∞;1;0;0.00377577394239842;0.0574625596858759
20180720;165;13004.86;0.06;0.12;0.13;0.078;0.078;0;∞;1;0;0.0046782510538368;0.0711971332255787
20180720;170;13412.46;0.05;0.12;0.14;0.071;0.071;0;∞;1;0;0.00412899647044614;0.0628381650346022
20180720;175;13824.97;0.11;0.13;0.17;0.116;0.116;0;∞;1;0;0.00654467966295768;0.0996018436206372
20180720;180;14240.48;0.09;0.19;0.21;0.12;0.119386280357995;0.0397145839079312;3.00610679026032;0.9997;2.04573214001559;0.00653919661972324;0.099518398556413
20180720;185;14660.8;0.15;0.21;0.24;0.168;0.164873055562338;0.137153940559847;1.202102213683;0.9994;5.21157406276925;0.0087717575670239;0.133495185473145
20180720;190;15081.13;0.18;0.26;0.32;0.204;0.196962179439844;0.261620946871312;0.752853247399672;0.9991;7.81980062239502;0.0101869355919005;0.155032426039236
20180720;195;15514.81;0.25;0.3;0.39;0.265;0.251467346014597;0.409824799961781;0.61359719089242;0.9983;7.96038469729612;0.0126424061842449;0.192401619116478
20180720;200;15950.73;0.3;0.36;0.51;0.318;0.291591139354999;0.599375371044665;0.486491693588908;0.9966;7.76731195441203;0.0142589767801787;0.217003802873344
20180720;205;16404.2;0.36;0.4;0.62;0.372;0.322373816514102;0.849867202902022;0.379322575825141;0.9933;7.40689305759667;0.0153284876361541;0.233280421212721
20180720;210;16889.6;0.45;0.5;0.84;0.465;0.366548477615228;1.19465006845155;0.306824975191549;0.9868;7.458448665513;0.0169280392987328;0.25762359807759
20180720;215;17401.01;0.62;0.67;1.09;0.635;0.450300909752268;1.66669522899565;0.270175915739328;0.9771;8.06546245623283;0.02018473120852;0.307186378079664
20180720;220;20873.37;0.86;0.93;1.54;0.881;0.54224317526706;2.29018564401463;0.23676821863075;0.9597;8.40587654424168;0.0202626445422233;0.30837212162696
20180720;225;25010.85;1.26;1.34;2.19;1.284;0.673383315537551;3.0981858992928;0.217347614838496;0.9276;8.43393210583493;0.0210004452515324;0.319600526171759
20180720;230;29550.51;1.9;1.99;3.17;1.927;0.835123147367285;4.13307337415094;0.20205863089446;0.8768;8.86263679084996;0.022043479281626;0.335474200317246
20180720;235;34195.58;2.89;2.99;4.63;2.92;1.02890357457366;5.41108071780855;0.190147519179932;0.7979;9.35723119953656;0.0234692550372725;0.357172725098491
20180720;237.5;36716.96;3.55;3.7;5.51;3.595;1.13668713339444;6.13475477029539;0.185286482664034;0.7459;9.67458821962047;0.0241473140490842;0.3674919356845
20180727;185;14719.71;0.22;0.29;0.35;0.241;0.221471358928057;0.566643974023708;0.390847461688159;0.9979;9.29935289140136;0.0117358059339406;0.138274294108768
20180727;190;15161.82;0.27;0.42;0.38;0.315;0.282914448152962;0.758006917512613;0.373234652107583;0.997;10.6951839490128;0.0145545369592377;0.171485310463277
20180727;195;15594.39;0.34;0.41;0.52;0.361;0.309083115588356;0.992887535183241;0.311297206013683;0.9954;11.2862792199227;0.0154597153308926;0.182150355632532
20180727;200;16049.87;0.39;0.46;0.66;0.411;0.329442733236877;1.27943395386477;0.257491003925396;0.9924;10.7312193109372;0.0160104307340037;0.188639026632092
20180727;205;16517.39;0.49;0.57;0.84;0.514;0.386692909888377;1.62956676993957;0.237297984361031;0.9885;11.0701817488368;0.0182607827091892;0.215153254339721
20180727;210;17033.14;0.63;0.72;1.1;0.657;0.456580487994797;2.05814458060245;0.221840823185098;0.9805;10.2779236925745;0.0209082283499074;0.246346142090441
20180727;215;17617.64;0.84;0.96;1.5;0.876;0.549014997012483;2.59865883439249;0.211268593532337;0.9673;9.99954137576506;0.0243069842311306;0.286391160981305
20180727;217.5;18874.65;1;1.13;1.76;1.039;0.618362778646475;2.9229078771353;0.211557395798777;0.9583;10.0872235336577;0.0255540085429002;0.3010839232353
20180727;220;21008.58;1.17;1.33;2.01;1.218;0.677783166730293;3.28903338425219;0.206073665890867;0.9456;9.93045649392844;0.0251645218310627;0.296494890283731
20180727;222.5;23154.53;1.39;1.58;2.41;1.447;0.752133468018601;3.70130623657123;0.203207575905784;0.9301;9.94086597970529;0.0253369040552544;0.298525942134892
20180727;225;25353.01;1.66;1.87;2.81;1.723;0.832258708135302;4.16356415639083;0.199890929231349;0.9113;10.0421791642018;0.0256049199817117;0.301683774945812
20180727;227.5;27597.79;1.96;2.23;3.28;2.041;0.898983452625174;4.67766928752187;0.19218619303064;0.8864;10.0529625649192;0.0254080885841814;0.299364656624912
20180727;230;29905.37;2.36;2.68;3.87;2.456;0.99734190305042;5.247135275873;0.190073602187526;0.8597;10.3967077473242;0.026012942972427;0.306491207118676
20180727;232.5;32283.49;2.87;3.2;4.57;2.969;1.11761861366227;5.87119272740659;0.190356315241578;0.823;10.459781843716;0.0270027347928173;0.318153189776661
20180727;235;34741.9;3.55;3.85;5.45;3.64;1.30025045823387;6.54689331180665;0.198605719737176;0.7832;10.7922026834231;0.0291922824434592;0.34395100524108
20180727;237.5;37292.6;4.25;4.6;6.39;4.355;1.41247068934064;7.268797552461;0.194319717827664;0.7354;11.120670108312;0.0295427816158084;0.348080676941097
20180803;185;14771.02;0.28;0.46;0.42;0.334;0.28789742530199;1.13467897182918;0.253725884104363;0.9967;13.9704771812152;0.0152027410250309;0.146126346299804
20180803;190;15212.95;0.34;0.47;0.53;0.379;0.314522164473719;1.35448557647383;0.232207835902191;0.9955;14.3284078947292;0.0161262140669299;0.155002623367003
20180803;195;15675.57;-1;-1;-1;-1;-1.09182168557769;1.61330568533343;-0.676760576438457;0.993;13.1173836539563;-0.0543279073584311;-0.522191267438604
20180803;200;16139.02;-1;-1;-1;-1;-1.13525349304336;1.92694188333119;-0.589147759392095;0.9894;12.7597634946563;-0.0548668831548519;-0.52737181769236
20180803;205;16652.04;-1;-1;-1;-1;-1.20318419595216;2.31436952386182;-0.519875578876659;0.9829;11.8821167223487;-0.0563584805731122;-0.541708816561296
20180803;210;17206.57;-1;-1;-1;-1;-1.31308439140784;2.79938395369147;-0.469061912595561;0.972;11.181585407423;-0.0595241134809621;-0.572136380234774
20180803;215;17831.85;1.14;1.27;1.86;1.179;0.689839543436752;3.41197411783224;0.202181939139396;0.9563;11.1936031250171;0.0301749310296277;0.290036672593987
20180803;217.5;19085.75;-1;-1;-1;-1;-1.61348012419962;3.77484726596613;-0.427429246938463;0.9451;11.1745013515413;-0.0659400074335933;-0.633804939871577
20180803;220;21232.82;1.58;1.73;2.48;1.625;0.856758335369074;4.18034871768636;0.204949011010558;0.9303;11.0221185743318;0.0314735160750139;0.302518467010496
20180803;222.5;23436.85;1.86;2.02;2.94;1.908;0.939923450886045;4.63123231444223;0.202953207066496;0.9099;10.7444678037065;0.0312815199863085;0.300673030921031
20180803;225;25670.2;2.2;2.4;3.41;2.26;1.03957762066116;5.13271376420959;0.202539566478485;0.8878;10.8772048069415;0.0315880103822996;0.303618968214077
20180803;227.5;27972.86;2.54;2.82;3.93;2.624;1.09145238449224;5.68694355470054;0.191922492986606;0.8612;11.0414093336294;0.0304342444749641;0.292529152486333
20180803;230;30320.32;3.1;3.3;4.56;3.16;1.24555400168847;6.29393847818544;0.197897390641092;0.8324;11.4227088204746;0.0320422779613475;0.307985316457425
20180803;232.5;32753.22;3.55;3.85;5.32;3.64;1.26003968752682;6.95069668631284;0.181282502228599;0.7948;11.5982471368089;0.0300071552131644;0.288424037937061
20180803;235;35229.68;-1;-1;-1;-1;-3.9417566086469;7.65430310779856;-0.514972630837007;0.7551;12.0120727180355;-0.0872721567367227;-0.838846190739157
20180803;237.5;37812.72;-1;-1;-1;-1;-4.60721540329341;8.39999110342351;-0.548478605104199;0.7123;12.5381140190942;-0.0950375433073543;-0.913485860342399
20180817;175;13990.57;0.3;0.34;0.41;0.312;0.256724706894687;1.25708886805682;0.204221605503139;0.9968;17.2735290954102;0.0143128744131123;0.10053418037287
20180817;180;14434.79;0.35;0.41;0.49;0.368;0.293326549128781;1.49048386419757;0.196799546895262;0.9954;16.2333588850476;0.0158502277013001;0.111332608998074
20180817;185;14884.7;0.43;0.49;0.6;0.448;0.346656788403311;1.75806616890011;0.197180740142555;0.9938;16.3456792897886;0.018165787349062;0.12759718902394
20180817;190;15355.62;0.52;0.59;0.74;0.541;0.399486918188314;2.06912368367311;0.193070584103095;0.9906;15.054583171456;0.0202922315208949;0.142533414673209
20180817;195;15836.71;0.63;0.71;0.92;0.654;0.456868943699051;2.43715396126737;0.187460025488693;0.9869;15.0481722367137;0.0225020080613498;0.15805497008477
20180817;200;16366.48;0.79;0.86;1.18;0.811;0.5355741157313;2.87103888374984;0.186543664999685;0.9811;14.572798109455;0.0255245972420713;0.179285752743587
20180817;205;16937.25;1.01;1.11;1.56;1.04;0.64978579928526;3.3849531883163;0.191963008979887;0.9723;14.0871552604599;0.0299241567221658;0.210188427745597
20180817;210;17569.39;1.33;1.41;1.97;1.354;0.790427221472261;4.00016256407049;0.197598774752779;0.9576;13.2918108143335;0.0350913283129559;0.246482839736676
20180817;215;18314.71;1.77;1.84;2.59;1.791;0.963261784057878;4.74341100287757;0.203073649631777;0.9367;13.07643311125;0.0410240834588778;0.288154740064522
20180817;220;21939.77;2.35;2.49;3.41;2.392;1.18324931475492;5.63877118912292;0.20984169689974;0.9097;13.3859433581958;0.0420667338585973;0.29547835657409
20180817;225;26501.26;3.15;3.25;4.44;3.18;1.42824801158075;6.69536991575607;0.21331876050936;0.8709;13.5689542092893;0.0420369993363705;0.295269500146333
20180817;230;31279.02;4.25;4.4;5.8;4.295;1.77378255963822;7.91801237627689;0.224018664703359;0.8197;13.9834577945745;0.0442325365857949;0.310691038230031
20180817;235;36334.04;5.65;5.8;7.53;5.695;2.11908443448263;9.29973045526213;0.227865145627266;0.756;14.6553916619564;0.0454913865591729;0.319533248860345
20180921;150;12060.15;0.34;0.4;0.38;0.358;0.316139072201439;1.01485726591539;0.311510872335613;0.9971;14.434802689159;0.0204465513544295;0.0858402630138547
20180921;155;12500.02;0.38;0.47;0.45;0.407;0.347309362699219;1.2372820064162;0.280703478187002;0.996;14.9226593251951;0.02167206955712;0.0909853265027366
20180921;160;12938.42;0.43;0.53;0.53;0.46;0.376036806404368;1.49606715967625;0.251350217784169;0.9943;14.7303848413389;0.0226695925001204;0.095173202996195
20180921;165;13377.12;0.52;0.62;0.61;0.55;0.434351142311214;1.79546984766728;0.241915030138509;0.993;16.5212653841123;0.0253263700260405;0.106327087954153
20180921;170;13847.6;0.59;0.69;0.74;0.62;0.465270734694348;2.13505088533866;0.21792020878254;0.9913;17.7849730236382;0.026207514158525;0.110026374096566
20180921;175;14323.97;0.71;0.77;0.9;0.728;0.523533942798366;2.51471513447726;0.208188170350036;0.9882;17.3276319662402;0.0285086100698846;0.119687009517533
20180921;180;14822.91;0.85;0.92;1.13;0.871;0.600894324766383;2.94170102973136;0.204267639264911;0.9854;18.5003887146313;0.031619808345175;0.132748678138795
20180921;185;15362.6;1.02;1.11;1.4;1.047;0.691929990642315;3.42120135341851;0.202247666583824;0.9806;18.3025778019425;0.0351311231628113;0.147490146381803
20180921;190;15921.84;1.24;1.34;1.72;1.27;0.798188975960945;3.96360948967447;0.20137931802825;0.9728;17.3459935308476;0.0391027294112701;0.16416404502835
20180921;195;16560.24;1.53;1.64;2.09;1.563;0.931256444216757;4.58376455930398;0.203164109362145;0.9628;16.9823536500872;0.043862892475536;0.184148522720569
20180921;200;17238.04;1.9;2.04;2.62;1.942;1.09842827014515;5.29404564866146;0.207483717187606;0.9513;17.3218014343912;0.0497025213256969;0.208664895565641
20180921;205;18018.38;2.37;2.54;3.21;2.421;1.29786350462995;6.10316656882904;0.212654118152138;0.9362;17.6040203036058;0.0561833823912783;0.235873338142694
20180921;210;18896.01;2.98;3.15;4;3.031;1.53889759089385;7.01939852242195;0.219234965215064;0.9148;17.5129390740159;0.0635234698170249;0.266689050007682
20180921;215;19864.19;3.75;3.95;4.91;3.81;1.82161893767569;8.05192706378783;0.226233909379049;0.8875;17.6744983317717;0.0715288552610017;0.300297866483688
20180921;220;23677.95;4.75;4.9;6.03;4.795;2.15505153327594;9.20977310863941;0.23399615906437;0.8534;18.007834015853;0.0709917959939621;0.298043143526376
20180921;225;28526.35;5.85;6.1;7.39;5.925;2.45122116045216;10.4939601380925;0.233583997670658;0.8121;18.4873807320268;0.0670240849303428;0.281385597940319
20180921;230;33537.92;7.3;7.5;9.04;7.36;2.83908905129283;11.8970928731808;0.238637210077842;0.7658;19.3036334274431;0.0660294216221044;0.277209726982456
20180921;235;38808.82;9.05;9.3;10.95;9.125;3.30164510108497;13.400808292785;0.246376563931788;0.7153;20.4543551068319;0.0663581932881824;0.278590001132283
20181019;120;9558.22;0.08;0.22;0.18;0.122;0.113539472647752;0.396318324362061;0.286485548783322;0.9993;12.086467646069;0.00926540597153511;0.0294277350530713
20181019;125;9995.33;0.19;0.26;0.23;0.211;0.197130163408324;0.515486812462944;0.382415531575786;0.9987;10.6691050705198;0.0153833367641181;0.048858815244297
20181019;130;10390.43;0.23;0.31;0.29;0.254;0.231943804907694;0.666229405008673;0.34814405242992;0.9983;12.9742324072388;0.0174118075794747;0.055301414942636
20181019;135;10843.24;0.28;0.35;0.35;0.301;0.269864687205572;0.841543433386115;0.320678263889148;0.9981;16.3870067339094;0.0194125054891662;0.0616558054775474
20181019;140;11312.53;0.32;0.41;0.41;0.347;0.303736227055148;1.03672071799862;0.292977869335445;0.9971;14.9185423947767;0.0209426412219915;0.0665156496202816
20181019;145;11752.62;0.37;0.44;0.47;0.391;0.332071957344399;1.25782834987197;0.264004192128599;0.9966;17.3317772516475;0.0220390114483946;0.0699978167958792
20181019;150;12210.68;0.44;0.54;0.56;0.47;0.391986247802924;1.50320438457528;0.260767099820345;0.9956;17.7303982266082;0.0250394960220299;0.0795276167134473
20181019;155;12591.85;0.51;0.57;0.64;0.528;0.425179285814462;1.77621028402344;0.239374408333766;0.9945;18.6946753064614;0.0263376583214762;0.0836506930601669
20181019;160;13051.33;0.6;0.66;0.76;0.618;0.482589064874246;2.08114158474753;0.231886705071433;0.9924;17.8172283060203;0.0288414644792456;0.0916029991395168
20181019;165;13549.23;0.7;0.77;0.91;0.721;0.542673643978294;2.4244617076179;0.223832631496369;0.9905;18.7711953707059;0.0312405533231829;0.0992227139242831
20181019;170;14050.43;0.84;0.91;1.11;0.861;0.63021667499049;2.80940506769447;0.224323890576476;0.9886;20.2441513166237;0.0349860471524773;0.111118728021238
20181019;175;14567.55;1.01;1.1;1.32;1.037;0.740207115269699;3.23753048804215;0.22863324932496;0.9848;19.5258476796251;0.0396334009432173;0.125879127778349
20181019;180;15151.17;1.23;1.32;1.64;1.257;0.873152619938036;3.71522172650325;0.23502032562666;0.9797;18.9087379340869;0.0449509208563872;0.142768033415612
20181019;185;15761.68;1.49;1.61;1.96;1.526;1.02381303589607;4.25494830340774;0.240617032896994;0.9735;18.95045147562;0.0506655488500549;0.160918188847674
20181019;190;16411.65;1.8;1.95;2.39;1.845;1.18822596362789;4.86653492275885;0.244162629568531;0.9641;18.2945414031228;0.0564730695347362;0.179363379544021
20181019;195;17141.2;2.2;2.37;2.95;2.251;1.38884526065916;5.56091801367195;0.24975107657487;0.9539;18.7018381635758;0.063198568554952;0.200724149258228
20181019;200;17924.55;2.7;2.89;3.53;2.757;1.63097267032746;6.34688404370497;0.256972186524363;0.9402;18.8298884560626;0.0709729774446453;0.22541634792745
20181019;205;18828.07;3.35;3.55;4.3;3.41;1.94549654998913;7.23097663122035;0.26905031632785;0.923;19.0195253248165;0.0805970717652696;0.255983308367519
20181019;210;19803.33;4.15;4.3;5.19;4.195;2.29770319774265;8.21928372766634;0.279550295849809;0.9027;19.49945326061;0.0905003600020433;0.287437012963011
20181019;215;20917.3;5.05;5.25;6.29;5.11;2.65953016147291;9.31578058030985;0.285486561061151;0.8758;19.7300309060152;0.0991731019753445;0.314982395621692
20181019;220;24963.08;6.15;6.35;7.58;6.21;3.05691699097726;10.5226956526798;0.290507023283408;0.8423;19.994185218914;0.0955168694312665;0.303369883128436
20181019;225;29869.77;7.45;7.65;9.12;7.51;3.47097495120626;11.838879742427;0.293184408214515;0.8037;20.5757771207017;0.090638811813445;0.287876747955311
20181019;230;35050.21;9.05;9.25;10.81;9.11;3.98817258962226;13.2622140640983;0.300716951961927;0.7644;21.7395051374268;0.0887519538372341;0.281883922948259
20181019;235;40384.58;-1;-1;-1;-1;-7.40658641356144;14.782934398111;-0.501022747859037;0.7196;22.8480257259681;-0.143053051500794;-0.454348930962304
