Expiry;Strike;ReqMar;Bid;Ask;Last/Close;Premium;E[PnL];S[PnL];Sharpe;Prob(%);LGL;E[Return](%);Ann[Return](%)
20180706;119;9371.66;-1;-1;-1;-1;-1.00017568007291;0.0131045409652884;-76.3228321176754;0.9998;0.878400364529938;-0.0832442737419909;-3.04049709842622
20180706;120;9460.65;-1;-1;-1;-1;-1.00037568007291;0.0268892915152884;-37.2034971432446;0.9998;1.87840036452994;-0.0824777399498836;-3.0124994516695
20180706;121;9543.61;0.04;0.07;0.08;0.049;0.048424319927094;0.0409181988664824;1.18344211789733;0.9998;2.87840036452994;0.00395772349699258;0.144555850727654
20180706;122;9625.19;0.04;0.08;0.08;0.052;0.0511770631273235;0.0552067271838969;0.927007735069127;0.9997;2.74312290892174;0.00414725415698935;0.151478458084036
20180706;123;9706.03;0.05;0.09;0.08;0.062;0.0608373312485638;0.0707215822170574;0.860237134710065;0.9995;2.32533750287249;0.00488903479320378;0.178571995821768
20180706;124;9931.5;0.06;0.1;0.09;0.072;0.0701159555415747;0.0890858056204002;0.787060913388861;0.999;1.88404445842529;0.00550676587851062;0.201134623712601
20180706;125;10722.66;0.07;0.1;0.1;0.079;0.0760063582808316;0.112908043487197;0.673170448564635;0.9987;2.30280132243726;0.00552894146219768;0.20194458690677
20180706;126;11514.54;0.08;0.12;0.11;0.092;0.0874261377831561;0.14225418215753;0.614576924609089;0.9983;2.69050718637879;0.0059222849953938;0.216311459456759
20180706;127;12309.09;0.09;0.13;0.12;0.102;0.0950294418464037;0.177602171705611;0.535069143208013;0.997;2.3235193845321;0.00602180702555549;0.219946501608414
20180706;128;13103.61;0.1;0.14;0.14;0.112;0.101520990352617;0.220691594592979;0.460012944941797;0.9958;2.49500229699584;0.00604309594646373;0.220724079444588
20180706;129;13899.88;0.12;0.15;0.15;0.129;0.113593915625131;0.272291085451118;0.41717823937179;0.9941;2.61120074150321;0.00637438986434431;0.232824589795176
20180706;130;14699.65;0.13;0.17;0.17;0.142;0.119034482243824;0.333950337733141;0.356443664803071;0.9899;2.27381363922532;0.00631626577164646;0.230701607309387
20180706;131;15502.01;0.15;0.19;0.21;0.162;0.125589580451838;0.411111815094998;0.305487645551654;0.9835;2.20669209382801;0.00631917233651853;0.230807769591339
20180706;132;16308.13;0.18;0.22;0.25;0.192;0.134770830964114;0.508898106246071;0.264828713862313;0.9735;2.15959128437305;0.00644594126684108;0.23543800477137
20180706;133;17126.73;0.22;0.27;0.32;0.235;0.144694533395313;0.631926777235177;0.228973575116383;0.9596;2.23528382684869;0.00658980062442416;0.240692467807092
20180706;134;17958.5;0.26;0.33;0.41;0.281;0.138416161525776;0.784796154297086;0.176372120031285;0.9352;2.20036787768864;0.00601189442270265;0.219584443789214
20180706;135;18806.56;0.35;0.42;0.52;0.371;0.147426741708568;0.973011123345865;0.151515988020379;0.9014;2.26747726461899;0.00611450783836506;0.223332398796284
20180706;136;19686.23;0.48;0.54;0.68;0.498;0.152401556695034;1.19936002228057;0.127069065054582;0.8533;2.3558176094408;0.00603839405625795;0.220552342904822
20180706;137;20606.13;0.67;0.71;0.92;0.682;0.15537252601198;1.46303030371438;0.106199116735666;0.7788;2.38077519886085;0.00588128728147131;0.21481401795574
20180706;138;21592.3;0.93;0.97;1.24;0.942;0.151256390560173;1.75926097623248;0.0859772328288065;0.6883;2.53687394751308;0.00546398413494326;0.199572020528803
20180713;120;9491.5;-1;-1;-1;-1;-1.00566222704276;0.202670594939613;-4.96205296748847;0.9984;3.53889190172359;-0.082644106526192;-1.77563293580539
20180713;125;10757.17;0.14;0.17;0.15;0.149;0.130140394439706;0.387826400514055;0.335563526018879;0.9954;4.09991425223779;0.00943645100551268;0.202744925280206
20180713;129;13960.24;0.21;0.25;0.25;0.222;0.156941226751781;0.663378561122684;0.236578683649616;0.9785;3.02598945340555;0.00876877165911109;0.18839963814649
20180713;130;14766.69;0.23;0.28;0.28;0.245;0.155242236917522;0.768135301507297;0.202102724107189;0.9717;3.17165240574128;0.00820014131776769;0.176182448018509
20180713;131;15585.5;0.28;0.32;0.33;0.292;0.169292523173425;0.891106217145682;0.189980184085899;0.9622;3.24622954567658;0.00847250123995199;0.182034181052498
20180713;132;16410.63;0.32;0.38;0.42;0.338;0.171330653282962;1.03368804350125;0.165746962403319;0.9487;3.248915140683;0.00814337472484058;0.174962801073413
20180713;133;17255.66;0.41;0.46;0.51;0.425;0.19599946041343;1.19820318785529;0.163577815849629;0.9259;3.09042563544629;0.00885967729559319;0.19035277248326
20180713;134;18116.55;0.52;0.58;0.65;0.538;0.220889337192407;1.38877353030332;0.159053533475802;0.8966;3.06683426312952;0.00951029213675218;0.204331423702867
20180713;135;18997.13;0.65;0.71;0.8;0.668;0.229457863437292;1.60828595814981;0.1426723041848;0.8606;3.14592637419446;0.00942127223854803;0.202418805007627
20180713;136;19920.43;0.82;0.87;1.01;0.835;0.233834980504373;1.85712707474784;0.12591221337728;0.8102;3.16736048206337;0.00915599135126154;0.196719167120487
20180713;137;20886.34;1.04;1.11;1.27;1.061;0.242789361169516;2.13323199671341;0.113812919337218;0.7519;3.29790664583025;0.00906696442326526;0.194806397388096
20180713;138;21902.36;1.34;1.41;1.61;1.361;0.258174171349978;2.4316015889922;0.106174536370895;0.6746;3.38913899400744;0.00919425366275521;0.197541244136549
20180720;75;5886.87;-1;0.03;-1;0.009;0.009;0;∞;1;0;0.0011924842913127;0.0181481203084152
20180720;80;6279.33;-1;0.03;-1;0.009;0.009;0;∞;1;0;0.00111795366703136;0.0170138573701334
20180720;85;6673.71;-1;0.03;-1;0.009;0.009;0;∞;1;0;0.00105188867960999;0.0160084308428146
20180720;90;7070.36;-1;0.03;-1;0.009;0.009;0;∞;1;0;0.000992877307520409;0.0151103515238262
20180720;95;7473.96;-1;0.04;-1;0.012;0.012;0;∞;1;0;0.00125234815278647;0.0190591734502192
20180720;100;7885.46;0.04;0.06;-1;0.046;0.046;0;∞;1;0;0.00455014672574587;0.0692475454824449
20180720;105;8298.38;0.06;0.1;0.01;0.072;0.072;0;∞;1;0;0.00676758596256137;0.102994198867731
20180720;110;8719.2;0.09;0.14;0.03;0.105;0.104451870616856;0.0381164920980828;2.74033272390534;0.9997;1.82709794381392;0.00934402916335759;0.142204443829848
20180720;115;9154.67;0.16;0.19;0.12;0.169;0.163813230074166;0.153670607800185;1.06600235672374;0.9981;2.72987890833354;0.0139572829449723;0.212412399818797
20180720;120;9616.52;0.26;0.28;0.21;0.266;0.238351785818484;0.401973580450521;0.592953859184839;0.9919;3.41335977549581;0.0193328140469128;0.294221263776453
20180720;125;10989.02;0.43;0.45;0.48;0.436;0.312345039907539;0.887381351829669;0.351985129351122;0.9637;3.40647272981986;0.0221702327530463;0.337403229710423
20180720;130;15245.11;0.86;0.88;0.99;0.866;0.399615597695755;1.79376163705991;0.222780769439774;0.8875;4.14563913159329;0.02044591125959;0.311161211981886
20180720;131;16135.29;0.99;1.02;1.15;0.999;0.407515730947462;2.03443374834873;0.200309167736834;0.8611;4.25834606949272;0.0196998176133816;0.299806599303651
20180720;132;17049.64;1.18;1.2;1.34;1.186;0.443030762101889;2.29498832603428;0.19304270835549;0.8366;4.54693536045355;0.0202681109067097;0.308455312861488
20180720;133;17991.59;1.38;1.4;1.57;1.386;0.464489992179106;2.57479560219181;0.180398782638788;0.8068;4.76972053737523;0.020137308259009;0.306464660066793
20180720;134;18940.84;1.61;1.63;1.82;1.616;0.484399837847037;2.87148521665665;0.168693133099615;0.7711;4.94364422085174;0.0199479998522076;0.303583622750785
20180720;135;19951.35;1.88;1.9;2.09;1.886;0.505012687209333;3.18194588389036;0.158711903230701;0.7314;5.14142707665922;0.0197435209157917;0.300471708937204
20180720;136;20962.5;2.18;2.2;2.42;2.186;0.513935390055442;3.50463540704481;0.146644466646191;0.6889;5.37468534215544;0.0191231773043885;0.291030854601163
20180720;137;22014.28;2.53;2.55;2.77;2.536;0.531416416556716;3.83793640487568;0.138464101667138;0.6462;5.66586654449769;0.0188289058245029;0.286552410516654
20180720;138;23097.46;2.91;2.93;3.18;2.916;0.534979031309797;4.17820942212313;0.128040262529003;0.6022;5.98547252058875;0.0180662135326413;0.274945187199885
20180727;115;9170.92;-1;-1;-1;-1;-1.01169009636328;0.272037567650706;-3.71893523787966;0.9962;3.07634114823209;-0.0860457048107889;-1.01381269942389
20180727;120;9639.64;0.27;0.3;0.3;0.279;0.229925436436105;0.579379755304866;0.396847550041025;0.9865;3.63515285658484;0.0186046201331338;0.219204435600875
20180727;125;11026.98;0.47;0.52;0.56;0.485;0.311175620191975;1.14068977357488;0.27279601115101;0.9579;4.12884512608135;0.0220111928877844;0.259341554911717
20180727;129;14444.75;0.82;0.88;0.96;0.838;0.388764979671488;1.86152440253448;0.208842268810541;0.8981;4.40858704934751;0.0209928648224276;0.247343350851344
20180727;130;15334.68;0.95;1;1.12;0.965;0.404408420767959;2.08797441949619;0.193684566722584;0.8782;4.60255812177373;0.0205702739280512;0.242364275878087
20180727;131;16235.61;1.1;1.16;1.29;1.118;0.423747891103537;2.33297846857343;0.181633862811709;0.8535;4.73892224502706;0.0203579264998826;0.239862343680068
20180727;132;17166.16;1.28;1.35;1.49;1.301;0.445773342430701;2.59582280172693;0.171727184973543;0.8255;4.90101236429398;0.0202551535751704;0.238651446559064
20180727;133;18111.14;1.48;1.56;1.7;1.504;0.459875423079371;2.87646861376617;0.159875001200606;0.7963;5.12579566480427;0.0198056461383386;0.233355233936392
20180727;134;19085.62;1.72;1.8;1.95;1.744;0.479656828123106;3.17317634278367;0.151159839954664;0.7638;5.35285000794621;0.0196028384687541;0.230965701635885
20180727;135;20075.55;2.01;2.06;2.24;2.025;0.505913078079319;3.48386772649483;0.145215926032968;0.7264;5.55221828187384;0.0196563581521736;0.231596284357465
20180727;136;21111.59;2.3;2.39;2.57;2.327;0.516576382135433;3.80671767709277;0.135701259182937;0.6906;5.85140147984669;0.0190857049642228;0.22487270123169
20180727;137;22166.04;2.67;2.73;2.94;2.688;0.549308032112619;4.13977308286816;0.132690372423032;0.6512;6.13157100885144;0.0193295809737708;0.227746111311929
20180727;138;23259.29;3.05;3.15;3.32;3.08;0.570650217787514;4.47840738835365;0.127422578676411;0.6085;6.40957798777136;0.0191367479348794;0.225474102684345
20180803;115;9173.08;-1;-1;-1;-1;-1.01889675299899;0.389939654240456;-2.61296008733363;0.9954;4.10798978238868;-0.0866382357222667;-0.832753042040998
20180803;120;9672.51;0.29;0.36;0.34;0.311;0.244187475949105;0.727091594783481;0.335841423145348;0.9834;4.02485084643947;0.019691500059478;0.189271589387483
20180803;125;11069.24;0.55;0.6;0.62;0.565;0.340593841292298;1.339263635845;0.254314260595453;0.9474;4.26627678151524;0.0240001297476604;0.230685457640341
20180803;129;14514.86;0.91;1;1.09;0.937;0.396160184817182;2.1095722205534;0.187791714811858;0.8875;4.80746502384728;0.0212888683843593;0.20462524151019
20180803;130;15410.74;1.07;1.14;1.25;1.091;0.426891050177422;2.34590657833538;0.181972740994801;0.8661;4.95973823616563;0.0216066859306165;0.207680053583097
20180803;131;16318.15;1.24;1.31;1.42;1.261;0.452114636469346;2.5998548199647;0.173899955104218;0.8418;5.1130553952633;0.0216108698869719;0.20772026911096
20180803;132;17259.33;1.42;1.49;1.59;1.441;0.462042744406146;2.87043310214614;0.160966212402125;0.8176;5.36709021707157;0.0208810736359287;0.20070558277692
20180803;133;18209.45;1.65;1.72;1.84;1.671;0.495246757050991;3.15681414848388;0.156881822545316;0.7885;5.55911698793858;0.0212138461348241;0.203904139493276
20180803;134;19200.95;1.89;1.96;2.08;1.911;0.507405412302881;3.45712027418909;0.146771119330495;0.7562;5.75715581500049;0.0206123249941408;0.19812241326605
20180803;135;20200.61;2.18;2.26;2.41;2.204;0.540794515518196;3.77057701490096;0.143424869292161;0.724;6.02610682783262;0.02088153387963;0.200710006566707
20180803;136;21231.1;2.48;2.57;2.73;2.507;0.550117491061088;4.09491306665929;0.134341677614632;0.6858;6.22814293105955;0.0202105233844525;0.194260359636086
20180803;137;22295.72;2.84;2.93;3.09;2.867;0.57791200467371;4.42697478366029;0.130543324259887;0.6498;6.53651626306765;0.0202178428705372;0.194330713380624
20180803;138;23397.91;3.2;3.35;3.5;3.245;0.584827203155004;4.76490901903739;0.12273627908076;0.6093;6.80873508278729;0.0194959814129084;0.187392295028021
20180817;75;5887.53;-1;0.03;-1;0.009;0.009;0;∞;1;0;0.00119235061222618;0.00837511655991562
20180817;80;6280.77;-1;0.03;-1;0.009;0.009;0;∞;1;0;0.00111769735239469;0.00785074919158001
20180817;85;6675.65;-1;0.05;-1;0.015;0.015;0;∞;1;0;0.00175263831986398;0.0123105989678908
20180817;90;7075.34;0.01;0.07;0.01;0.028;0.0279680270335229;0.00319729664771287;8.74739822891607;0.9999;0.319729664771288;0.00308325268978563;0.0216568854796962
20180817;95;7484.88;0.03;0.1;0.03;0.051;0.0504680270335229;0.0531972966477129;0.948695332541727;0.9999;5.31972966477129;0.00525927751495653;0.0369413675449591
20180817;100;7909.18;0.07;0.1;0.1;0.079;0.0771647119446007;0.11768342019506;0.655697394048373;0.9996;4.58822013849826;0.00760995138772775;0.0534525912378377
20180817;105;8350.92;0.13;0.17;0.13;0.142;0.135874593351268;0.225317878925913;0.603035116427423;0.9987;4.71185126825527;0.0126910786852214;0.0891426248034061
20180817;110;8806.45;0.21;0.24;0.2;0.219;0.202314142056075;0.395506150730994;0.511532226950576;0.9968;5.21433060747651;0.0179192558640245;0.125865542391057
20180817;115;9284.29;0.32;0.35;0.32;0.329;0.28520131272434;0.66184599408104;0.430917940540437;0.9916;5.21412943757856;0.0239605854540288;0.168300073790077
20180817;120;9827.1;0.52;0.53;0.56;0.523;0.405390769933139;1.08139624644616;0.37487717500906;0.9761;4.92088828731638;0.0321768172245981;0.22601120175547
20180817;125;11328.59;0.89;0.9;0.99;0.893;0.573556131608127;1.76327357265564;0.325279151518333;0.9368;5.054491588479;0.0394906853063214;0.277384092464113
20180817;130;15826.77;1.65;1.66;1.8;1.653;0.837875916913557;2.80832699786074;0.298354115297761;0.8592;5.78923354464803;0.0412935308463176;0.29004734887726
20180817;135;20816.53;3;3.05;3.26;3.015;1.17726086613913;4.22711472890845;0.278502227083657;0.7228;6.62965055505363;0.0441122259852398;0.309845971944401
20180921;75;5890.9;0.02;0.08;0.02;0.038;0.038;0;∞;1;0;0.00503148924612538;0.0211235798522678
20180921;80;6293.56;0.04;0.09;0.04;0.055;0.0547318626023693;0.02681373976307;2.04118720797575;0.9999;2.681373976307;0.00678325984496025;0.0284779960732383
20180921;85;6704.03;0.1;0.1;0.1;0.1;0.0992318626023693;0.07681373976307;1.29185042817141;0.9999;7.681373976307;0.0115454216090692;0.0484708648587646
20180921;90;7124.11;0.12;0.13;0.12;0.123;0.121473535643666;0.129415599967479;0.938631321681405;0.9998;7.63232178166759;0.0132998167914392;0.0558362998054387
20180921;95;7551.82;0.11;0.14;0.14;0.119;0.116306540399366;0.19270067396687;0.603560631133868;0.9995;5.3869192012687;0.0120128792147463;0.0504333808412193
20180921;100;7989.16;0.17;0.19;0.18;0.176;0.169178635687117;0.28522019990658;0.593150961055805;0.9987;5.24720331760241;0.016517297918173;0.0693441731564678
20180921;105;8437.64;0.24;0.27;0.25;0.249;0.229202947102093;0.450929580590425;0.50828989041257;0.9961;5.07616740971965;0.0211881875429187;0.0889538563224261
20180921;110;8909.7;0.34;0.37;0.41;0.349;0.301578496279904;0.722538670515708;0.417387343523985;0.9916;5.64541710953527;0.0264017000682767;0.110841620114231
20180921;115;9433.24;0.5;0.53;0.56;0.509;0.397444733498276;1.12578204448438;0.353038792407024;0.9815;6.03001440549859;0.0328632465757953;0.137968974848382
20180921;120;10049.28;0.8;0.82;0.89;0.806;0.557716176524835;1.71178125887501;0.325810423284671;0.9602;6.23828702198908;0.0432885358641983;0.181737215222971
20180921;125;11685.47;1.3;1.33;1.44;1.309;0.764562407997523;2.54540907693177;0.300369168526391;0.9162;6.4968686396477;0.0510342055765038;0.214255673411701
20180921;130;16308.6;2.2;2.23;2.4;2.209;1.0685956437057;3.6854272984758;0.289951627630166;0.8401;7.13198471728765;0.0511082865537477;0.214566685790303
20180921;135;21372.89;3.65;3.75;3.94;3.68;1.47511867500458;5.12574418585155;0.287786245571192;0.7288;8.13009338125154;0.0538342061604011;0.226010848276856
20181019;80;6319.48;0.08;0.12;0.08;0.092;0.092;0;∞;1;0;0.0113553646819042;0.0360656256527436
20181019;85;6742.63;0.07;0.14;0.1;0.091;0.091;0;∞;1;0;0.0105270495340839;0.0334348247158621
20181019;90;7174.2;0.13;0.18;0.14;0.145;0.144207868490647;0.0544603819398577;2.64794082145623;0.9997;2.64043836451029;0.0156787010987573;0.0497969180549661
20181019;95;7614.78;0.2;0.23;0.21;0.209;0.204205253044184;0.159728561836368;1.27845171017929;0.9985;3.19649797054425;0.0209172290433162;0.0664349383310542
20181019;100;8066.41;0.26;0.3;0.28;0.272;0.255642960370859;0.354609823971872;0.720913361924055;0.9969;5.27646439649698;0.0247199818865233;0.0785128120352403
20181019;105;8544.66;0.36;0.4;0.37;0.372;0.332700058749769;0.620945465003857;0.535795939419097;0.993;5.61427732146152;0.0303705525819424;0.0964595159178649
20181019;110;9066.24;0.51;0.57;0.57;0.528;0.431075142645558;1.00972742648892;0.426922287477637;0.983;5.70146219732011;0.0370868862134176;0.117791175560442
20181019;115;9664.42;0.76;0.83;0.86;0.781;0.564608180066736;1.5765764665619;0.358122927775269;0.9678;6.72024285507032;0.0455686301352853;0.144729931799243
20181019;120;10387.84;1.23;1.26;1.31;1.239;0.788031795575908;2.35231405389016;0.335002800443544;0.9365;7.10186148699358;0.0591715698883703;0.187934051319367
20181019;125;12152.95;1.91;1.94;2.05;1.919;1.0334848163315;3.37991141142605;0.305772752752549;0.8841;7.64033808169546;0.0663310683199196;0.210673240903049
20181019;130;16917.36;2.99;3.05;3.18;3.008;1.35602654624185;4.67337439480171;0.290160049610017;0.8065;8.53733051037804;0.0625216172067417;0.198574092910977
20181019;135;22104.56;4.55;4.65;4.8;4.58;1.72508721809372;6.20884586549409;0.277843460035134;0.7107;9.86834698204729;0.0608728710326331;0.193337531692776
