Expiry;Strike;ReqMar;Bid;Ask;Last/Close;Premium;E[PnL];S[PnL];Sharpe;Prob(%);LGL;E[Return](%);Ann[Return](%)
20180706;152.5;11976.3;-1;-1;-1;-1;-1.0002343051817;0.0234305181699315;-42.689380487765;0.9999;2.34305181699315;-0.0651438890176203;-2.37938054636858
20180706;155;12177.28;0.01;0.04;0.06;0.019;0.0185156948183007;0.0484305181699315;0.382314613139867;0.9999;4.84305181699315;0.00118599900456215;0.0433186136416324
20180706;157.5;12381.2;-1;-1;-1;-1;-1.00081930086021;0.0739199486900796;-13.5392315416275;0.9998;4.09650430105749;-0.0630503549470944;-2.30291421444262
20180706;160;12590.32;-1;-1;-1;-1;-1.00166641664558;0.106060817373848;-9.44426454036141;0.9994;2.77736107596956;-0.0620555954879267;-2.26658062519652
20180706;162.5;12802.37;0.05;0.08;0.12;0.059;0.0554590390411883;0.153802449677498;0.360586188044976;0.9989;3.21905541710153;0.0033789095653482;0.123414671874343
20180706;165;13012.79;-1;-1;-1;-1;-1.00690628838547;0.221715743567465;-4.54142891336483;0.9983;4.06252257968819;-0.0603549972711975;-2.20446627533049
20180706;167.5;14557.99;-1;-1;-1;-1;-1.0133673026244;0.312759538587848;-3.24008440222124;0.9964;3.7131396178884;-0.0542950294681498;-1.98312595132417
20180706;170;16536.23;-1;-1;-1;-1;-1.0267196723808;0.439486954581074;-2.33617781296713;0.9923;3.47008732218158;-0.0484294996173265;-1.76888747352285
20180706;172.5;18529.26;-1;-1;-1;-1;-1.05252937396056;0.619257446684543;-1.69966365296973;0.9859;3.72548751493303;-0.0443068374931991;-1.6183072394391
20180706;175;20539.56;0.2;0.22;0.66;0.206;0.103047039614625;0.865824827027745;0.119016036960238;0.972;3.67689144233481;0.00391326254795175;0.142931914563938
20180706;177.5;22596.16;0.31;0.33;1.05;0.316;0.111110483824107;1.20778931311732;0.0919949221419498;0.9437;3.63924540276897;0.00383543829494937;0.140089383723026
20180706;180;24732.94;0.53;0.55;1.69;0.536;0.131524888366386;1.67469399602353;0.0785366691937063;0.8896;3.66372383726099;0.00414788589329782;0.151501532252703
20180713;152.5;12015.43;0.04;0.08;0.09;0.052;0.0462206303085067;0.255352965767404;0.181006827822036;0.9993;8.25624241641897;0.00300048284918935;0.0644662565097889
20180713;155;12214.6;0.05;0.1;0.11;0.065;0.0574109329528918;0.313833967511388;0.182934095401284;0.9992;9.48633380888529;0.00366614770055962;0.078768261625259
20180713;157.5;12419.81;-1;-1;-1;-1;-1.01000547523884;0.376851566665093;-2.68011483719379;0.9987;7.69651941449363;-0.0634312659119823;-1.36283940437362
20180713;160;12630.07;-1;-1;-1;-1;-1.01417394574578;0.448988463070272;-2.25879733926938;0.9978;6.44270261171839;-0.0626327231505216;-1.34568247827812
20180713;162.5;12842.58;-1;-1;-1;-1;-1.0210299136082;0.536661673618952;-1.90255791274032;0.9964;5.84164266894513;-0.0620127211677403;-1.33236155332454
20180713;165;13062.41;-1;-1;-1;-1;-1.03388498212119;0.64894567002088;-1.59317648592666;0.993;4.84071173159824;-0.0617367152045087;-1.32643148402628
20180713;167.5;14619.51;-1;-1;-1;-1;-1.05656013595101;0.800042195227395;-1.32063051455768;0.9883;4.83419965393255;-0.0563710347365807;-1.21114826103153
20180713;170;16626.68;0.22;0.25;0.55;0.229;0.134105668545527;1.00200530979034;0.133837283330951;0.98;4.74471657272363;0.00629123922908911;0.135169125201459
20180713;172.5;18655.44;0.3;0.33;0.77;0.309;0.149982348014223;1.26848955304414;0.118236959582594;0.9662;4.70466425993422;0.00627089103505971;0.134731938267974
20180713;175;20728.33;0.44;0.47;1.11;0.449;0.181907557041438;1.6145385837773;0.112668448353743;0.9448;4.83863121301743;0.00684511943279182;0.147069404283954
20180713;177.5;22862.99;0.65;0.67;1.61;0.656;0.208669012149893;2.05580276640668;0.101502447394126;0.9078;4.85174607212697;0.00711900890814879;0.152954000217726
20180713;180;25101.56;0.99;1.02;2.35;0.999;0.258697534827723;2.60583152163043;0.0992763855530691;0.8549;5.10201561111149;0.00803870664475133;0.172713976587966
20180720;2.5;1962.23;-1;0.02;-1;0.006;0.006;0;∞;1;0;0.00238504150889549;0.0362973504635033
20180720;5;1962.24;-1;0.02;-1;0.006;0.006;0;∞;1;0;0.00238502935420744;0.0362971654843444
20180720;7.5;1962.24;-1;0.02;-1;0.006;0.006;0;∞;1;0;0.00238502935420744;0.0362971654843444
20180720;10;1962.24;-1;0.02;-1;0.006;0.006;0;∞;1;0;0.00238502935420744;0.0362971654843444
20180720;12.5;1962.24;-1;0.02;-1;0.006;0.006;0;∞;1;0;0.00238502935420744;0.0362971654843444
20180720;15;1962.24;-1;0.02;-1;0.006;0.006;0;∞;1;0;0.00238502935420744;0.0362971654843444
20180720;17.5;1962.24;-1;0.02;-1;0.006;0.006;0;∞;1;0;0.00238502935420744;0.0362971654843444
20180720;20;1962.24;-1;0.02;-1;0.006;0.006;0;∞;1;0;0.00238502935420744;0.0362971654843444
20180720;22.5;1962.24;-1;0.02;-1;0.006;0.006;0;∞;1;0;0.00238502935420744;0.0362971654843444
20180720;25;1962.24;-1;0.02;-1;0.006;0.006;0;∞;1;0;0.00238502935420744;0.0362971654843444
20180720;30;2354.68;-1;0.02;-1;0.006;0.006;0;∞;1;0;0.00198753121443253;0.0302477406696451
20180720;35;2747.12;-1;0.02;-1;0.006;0.006;0;∞;1;0;0.00170360231806401;0.0259266977780366
20180720;40;3139.57;-1;0.02;-1;0.006;0.006;0;∞;1;0;0.00149064999347044;0.0226858295881283
20180720;45;3532.01;-1;0.02;-1;0.006;0.006;0;∞;1;0;0.00132502456108561;0.0201652175390217
20180720;50;3924.45;-1;0.02;-1;0.006;0.006;0;∞;1;0;0.00119252379314299;0.0181487214768949
20180720;55;4316.9;-1;0.02;-1;0.006;0.006;0;∞;1;0;0.00108411128355996;0.0164988185966782
20180720;60;4709.34;-1;0.02;-1;0.006;0.006;0;∞;1;0;0.000993769827619157;0.015123934564079
20180720;65;5101.78;-1;0.02;-1;0.006;0.006;0;∞;1;0;0.000917326893750809;0.0139605686642701
20180720;70;5494.22;-1;0.02;-1;0.006;0.006;0;∞;1;0;0.000851804259749337;0.0129633960780602
20180720;75;5886.67;-1;0.02;-1;0.006;0.006;0;∞;1;0;0.000795016537363229;0.0120991579279966
20180720;80;6279.11;-1;0.02;-1;0.006;0.006;0;∞;1;0;0.000745328557709612;0.0113429689876432
20180720;85;6671.55;-1;0.02;-1;0.006;0.006;0;∞;1;0;0.000701486161386784;0.0106757425186051
20180720;90;7064.47;-1;0.02;-1;0.006;0.006;0;∞;1;0;0.000662470079142526;0.0100819665169503
20180720;95;7456.82;-1;0.02;-1;0.006;0.006;0;∞;1;0;0.000627613379429837;0.00955149111819784
20180720;100;7849.86;-1;0.02;-1;0.006;0.006;0;∞;1;0;0.000596188976618691;0.00907325098791571
20180720;105;8242.26;-1;0.02;-1;0.006;0.006;0;∞;1;0;0.000567805432005299;0.00864128891833065
20180720;110;8635.21;-1;0.02;-1;0.006;0.006;0;∞;1;0;0.000541967132241138;0.00824806229379482
20180720;115;9027.93;-1;0.02;-1;0.006;0.006;0;∞;1;0;0.000518391259125846;0.00788926697482147
20180720;120;9423.32;0.01;0.02;0.01;0.013;0.013;0;∞;1;0;0.00107605387485515;0.0163761949079518
20180720;125;9820.25;0.02;0.03;0.02;0.023;0.023;0;∞;1;0;0.00182683740230646;0.0278021817163514
20180720;130;10220.66;0.02;0.04;0.04;0.026;0.026;0;∞;1;0;0.00198421628348854;0.0301972915643412
20180720;135;10617.6;0.02;0.05;0.05;0.029;0.029;0;∞;1;0;0.00213042495479204;0.0324224047807414
20180720;140;11016.93;0.02;0.06;0.05;0.032;0.0315552738285951;0.0444726171404861;0.709543891444799;0.9999;4.44726171404861;0.00223411727099148;0.0340004722179016
20180720;145;11421.19;0.04;0.08;0.08;0.052;0.0508026072740221;0.0970625952974767;0.523400462539897;0.9997;3.99130908659286;0.00346951882192112;0.052801739571112
20180720;150;11840.52;0.08;0.11;0.12;0.089;0.0849815826330529;0.180886269332559;0.469806707532977;0.9991;4.46490818549682;0.00559820298887052;0.0851976517368733
20180720;155;12270.5;0.13;0.14;0.18;0.133;0.120039895047276;0.329218609986091;0.36462062412677;0.9971;4.46900170783578;0.00763058702879878;0.116127996344531
20180720;160;12699.43;0.17;0.18;0.29;0.173;0.138991968897799;0.574902398649549;0.241766201053071;0.9943;5.96632124600009;0.00853689777732415;0.129920913048652
20180720;165;13146.81;0.24;0.25;0.45;0.243;0.164616510595645;0.923920670928291;0.178171693496423;0.9865;5.80618440032257;0.00976669460231063;0.148636883478915
20180720;167.5;14762.71;0.28;0.31;0.61;0.289;0.166409751743735;1.15677806039221;0.143856248178941;0.9778;5.5220832547867;0.00879239694880638;0.133809291064647
20180720;170;16754.63;0.38;0.4;0.81;0.386;0.196255162240319;1.44469965411421;0.135844956895659;0.9673;5.80259442690157;0.00913652086303599;0.139046426884329
20180720;172.5;18862.34;0.51;0.54;1.11;0.519;0.231080577137501;1.7942613390383;0.128788695442414;0.9524;6.0487273710609;0.00955569935475933;0.145425799555244
20180720;175;20945.86;0.7;0.71;1.53;0.703;0.26663668798141;2.21269071736961;0.12050336989635;0.9259;5.88884361698502;0.00992924695503072;0.151110727096874
20180720;177.5;23183.98;0.99;1.01;2.11;0.996;0.333127485732753;2.71251864270161;0.12281113224017;0.8905;6.0536302672808;0.011207714933827;0.17056741164918
20180720;180;25475.41;1.41;1.44;2.9;1.419;0.417955772662767;3.30161528735467;0.126591300404852;0.8381;6.18310208361478;0.0127968697138518;0.194752360957682
20180727;152.5;12062.23;-1;-1;-1;-1;-1.02285392347323;0.521370611972522;-1.96185573176714;0.9967;6.9254313555251;-0.0661425010391214;-0.779308016275455
20180727;155;12278.87;-1;-1;-1;-1;-1.03256785563448;0.63927233821653;-1.61522373784416;0.9955;7.23730125210711;-0.0655925934059808;-0.772828862630145
20180727;157.5;12498.25;-1;-1;-1;-1;-1.0473308802126;0.777431000346253;-1.34716891884442;0.9927;6.48368222090392;-0.0653625976889426;-0.770118993738267
20180727;160;12720.2;-1;-1;-1;-1;-1.06973998836684;0.94413968359541;-1.1330314856517;0.9893;6.51775592213435;-0.0655962320502927;-0.772871734076432
20180727;162.5;12955.93;-1;-1;-1;-1;-1.10087444092897;1.14352422567679;-0.962703208388458;0.9847;6.593100714312;-0.0662771459806127;-0.780894437723187
20180727;165;13200.58;0.3;0.33;0.63;0.309;0.161818159002099;1.38161324196901;0.117122617304596;0.9777;6.6000825559597;0.00956156199361217;0.112656790908608
20180727;167.5;14829.3;-1;-1;-1;-1;-1.21270614100288;1.66644038217158;-0.727722487991181;0.9694;6.95118107852539;-0.0637866109649305;-0.751550311449706
20180727;170;16895.38;-1;-1;-1;-1;-1.3076601247243;2.00359303242574;-0.652657552487656;0.9558;6.9606363059797;-0.0603700477458901;-0.711295481909237
20180727;172.5;19001.57;-1;-1;-1;-1;-1.44186428840688;2.40148509048829;-0.600405263442093;0.9367;6.98047848984013;-0.0591874326677936;-0.697361605868116
20180727;175;21166.95;-1;-1;-1;-1;-1.63154457264563;2.8668626204323;-0.569104553883228;0.9092;6.95533670314567;-0.060122255056283;-0.708375924493786
20180727;177.5;23416.01;-1;-1;-1;-1;-1.9004986284886;3.40594611632212;-0.55799433214194;0.8741;7.15249109204604;-0.0633066406369448;-0.745895177182067
20180727;180;25779.72;1.78;1.87;3.39;1.807;0.539742786057311;4.02261337444211;0.13417714699767;0.8307;7.48527592405605;0.0163306418038948;0.192411836092664
20180803;152.5;12186.01;-1;-1;-1;-1;-1.03754632217737;0.720456530412874;-1.44012341949733;0.9949;7.36202395634742;-0.0664110838000584;-0.638332851525562
20180803;155;12427.42;0.28;0.38;0.49;0.31;0.256770685776194;0.861382991852628;0.298091195443669;0.9925;7.09724189650749;0.0161160671245867;0.15490509255935
20180803;157.5;12675.83;0.35;0.45;0.62;0.38;0.304018604169335;1.0288503404142;0.295493515652571;0.9893;7.10106503090324;0.0187076121446944;0.179814614101306
20180803;160;12954.72;0.5;0.52;0.82;0.506;0.396947628239956;1.2285181211955;0.323110926401052;0.984;6.81577323500273;0.0239001035936837;0.22972402204192
20180803;162.5;13249.71;0.57;0.64;1.04;0.591;0.434606190093316;1.4675192027167;0.296150257719806;0.978;7.10880954121292;0.0255849243698757;0.245918253318345
20180803;165;13578.5;0.73;0.79;1.32;0.748;0.525487097992777;1.75129794782492;0.300055794986469;0.9686;7.08639815309626;0.0301859510575076;0.290142595361964
20180803;167.5;15279.5;0.95;1;1.67;0.965;0.650090743231806;2.08549912778595;0.311719498977671;0.9566;7.25597365825332;0.0331863463935867;0.318981921585725
20180803;170;17455.22;1.22;1.28;2.07;1.238;0.794180819530998;2.47571526077438;0.320788433191055;0.9388;7.25194739328435;0.0354885838868933;0.341110664860205
20180803;172.5;19706.25;1.57;1.63;2.62;1.588;0.966786190341087;2.92932244891484;0.330037476993777;0.9179;7.5665506657602;0.0382667036329108;0.367813513208439
20180803;175;22028.43;2.02;2.08;3.22;2.038;1.17737820621783;3.44963380482845;0.341305272626287;0.8881;7.69099011422852;0.0416895348806023;0.40071322671421
20180803;177.5;24424.51;-1;-1;-1;-1;-2.18336535231659;4.03909406339141;-0.540558184100156;0.8528;8.03916679562897;-0.0697260651209353;-0.670195928563727
20180803;180;26914.76;-1;-1;-1;-1;-2.60750201701195;4.69726932868178;-0.555110178820363;0.8073;8.34199282310303;-0.0755664019768084;-0.726332324263928
20180817;2.5;1962.21;-1;0.02;-1;0.006;0.006;0;∞;1;0;0.00238506581864326;0.016752794043451
20180817;5;1962.21;-1;0.02;-1;0.006;0.006;0;∞;1;0;0.00238506581864326;0.016752794043451
20180817;7.5;1962.22;-1;0.02;-1;0.006;0.006;0;∞;1;0;0.00238505366370743;0.0167527086667142
20180817;10;1962.22;-1;0.02;-1;0.006;0.006;0;∞;1;0;0.00238505366370743;0.0167527086667142
20180817;12.5;1962.23;-1;0.02;-1;0.006;0.006;0;∞;1;0;0.00238504150889549;0.0167526232908477
20180817;15;1962.24;-1;0.02;-1;0.006;0.006;0;∞;1;0;0.00238502935420744;0.0167525379158513
20180817;17.5;1962.25;-1;0.02;-1;0.006;0.006;0;∞;1;0;0.00238501719964327;0.0167524525417251
20180817;20;1962.26;-1;0.02;-1;0.006;0.006;0;∞;1;0;0.00238500504520298;0.016752367168469
20180817;22.5;1962.26;-1;0.02;-1;0.006;0.006;0;∞;1;0;0.00238500504520298;0.016752367168469
20180817;25;1962.27;-1;0.02;-1;0.006;0.006;0;∞;1;0;0.00238499289088658;0.0167522817960831
20180817;30;2354.71;-1;0.02;-1;0.006;0.006;0;∞;1;0;0.00198750589244535;0.0139603178310705
20180817;35;2747.15;-1;0.02;-1;0.006;0.006;0;∞;1;0;0.0017035837140309;0.0119660375298036
20180817;40;3139.59;-1;0.02;-1;0.006;0.006;0;∞;1;0;0.0014906404976446;0.0104703161877825
20180817;45;3532.03;-1;0.02;-1;0.006;0.006;0;∞;1;0;0.00132501705817901;0.0093069707788439
20180817;50;3924.47;-1;0.02;-1;0.006;0.006;0;∞;1;0;0.00119251771576799;0.00837629030162035
20180817;55;4316.91;-1;0.02;-1;0.006;0.0057505875396581;0.0249412460341898;0.230565366773381;0.9999;2.49412460341898;0.0010390437328861;0.00729828314301244
20180817;60;4709.35;-1;0.02;-1;0.006;0.0052505875396581;0.0749412460341898;0.0700627200308715;0.9999;7.49412460341898;0.000869644065727398;0.00610841336551792
20180817;65;5101.8;-1;0.02;-1;0.006;0.0047505875396581;0.12494124603419;0.0380225721324895;0.9999;12.494124603419;0.000726304104616669;0.00510158796560073
20180817;70;5494.25;-1;0.02;-1;0.006;0.0042505875396581;0.17494124603419;0.0242972291327306;0.9999;17.494124603419;0.000603441467158087;0.0042385960746056
20180817;75;5886.71;-1;0.02;-1;0.006;0.0037505875396581;0.22494124603419;0.016673631918479;0.9999;22.494124603419;0.000496959809627673;0.00349066481666361
20180817;80;6279.21;-1;0.02;-1;0.006;0.0032505875396581;0.27494124603419;0.0118228442859893;0.9999;27.494124603419;0.000403786189812623;0.00283620972748193
20180817;85;6671.83;-1;0.02;-1;0.006;0.0027505875396581;0.32494124603419;0.0084648765683895;0.9999;32.494124603419;0.000321569686417867;0.00225871784546396
20180817;90;7064.85;-1;0.02;-1;0.006;0.0022505875396581;0.37494124603419;0.00600250722870025;0.9999;37.494124603419;0.000248477785223086;0.00174531752024485
20180817;95;7458.41;-1;0.02;-1;0.006;0.0017505875396581;0.42494124603419;0.00411959901750101;0.9999;42.494124603419;0.000183076323362931;0.00128593513669828
20180817;100;7855.19;0.01;0.03;0.01;0.016;0.0112505875396581;0.47494124603419;0.023688377527961;0.9999;47.494124603419;0.00111715417207392;0.00784693387211536
20180817;105;8252.54;0.01;0.02;0.02;0.013;0.0077505875396581;0.52494124603419;0.0147646762341729;0.9999;52.494124603419;0.000732557283082944;0.00514551053165472
20180817;110;8649.08;0.04;0.04;0.04;0.04;0.0342505875396581;0.57494124603419;0.0595723263479714;0.9999;57.494124603419;0.00308882080879508;0.021695996161777
20180817;115;9048.27;0.06;0.05;0.06;0.057;0.0504452149796795;0.625683840145136;0.0806241295411721;0.9998;32.7739251016026;0.004348595663497;0.0305447031940823
20180817;120;9449.3;0.01;0.06;0.08;0.025;0.017177682608938;0.680244629175403;0.0252522135011354;0.9997;26.0743913035401;0.00141794550230934;0.00995970374458626
20180817;125;9855.56;0.04;0.08;0.1;0.052;0.0420247392403437;0.741844139930019;0.056649014231356;0.9994;16.6254345994271;0.00332596997100805;0.0233617409982825
20180817;130;10267.64;0.07;0.11;0.12;0.082;0.067898642900374;0.8183284146545;0.0829723637655195;0.999;14.101357099626;0.0051580442499242;0.0362303011977849
20180817;135;10691.16;0.12;0.15;0.17;0.129;0.107712151029335;0.917802428757443;0.117358755712991;0.998;10.6439244853326;0.00785840617883197;0.0551977472465073
20180817;140;11125.36;0.17;0.2;0.25;0.179;0.145270672100868;1.05478365203795;0.137725562792133;0.997;11.2431092997107;0.0101849400144065;0.0715394103896531
20180817;145;11584.1;0.25;0.27;0.35;0.256;0.204206283362865;1.23785624360839;0.164967688628849;0.9956;11.7712992357125;0.0137499590838334;0.0965802414494261
20180817;150;12063.67;0.35;0.37;0.53;0.356;0.274138503052236;1.47686565121827;0.185621828787269;0.9923;10.6313632399693;0.0177249570305508;0.124500779911705
20180817;155;12589.54;0.51;0.53;0.8;0.516;0.382871221626847;1.79518806263492;0.213276385686791;0.9866;9.9349834606831;0.0237212442129689;0.16661893170744
20180817;160;13184.02;0.76;0.79;1.22;0.769;0.547692112243702;2.21848753169437;0.246876353560302;0.977;9.62208207636078;0.0324028519032956;0.227598878032283
20180817;165;13892.45;1.16;1.19;1.84;1.169;0.783795636832269;2.78771228567102;0.281160879069557;0.9572;9.00010194317129;0.0440066796518375;0.309104610439108
20180817;170;17872.67;1.77;1.81;2.76;1.782;1.11299463513511;3.55086973062188;0.313442823750164;0.9265;9.10211380768562;0.0485733701458922;0.341181220111291
20180817;175;22533.44;2.73;2.76;4.09;2.739;1.60479111348053;4.53880579860691;0.353571222186481;0.8818;9.59567585887878;0.0555501986609596;0.390186731940682
20180817;180;27554.07;4.05;4.15;5.88;4.08;2.16867954244698;5.75661899821831;0.376727996610197;0.8048;9.79160070467735;0.0613909321965374;0.431212268938178
20180921;75;5889.34;-1;0.02;-1;0.006;0.00400434375101882;0.199565624898118;0.020065298084593;0.9999;19.9565624898118;0.000530346036363103;0.00222653896300717
20180921;80;6283.04;0.01;0.03;0.01;0.016;0.0135043437510188;0.249565624898118;0.0541113935724593;0.9999;24.9565624898118;0.00167647955858863;0.00703832366407466
20180921;85;6678.2;0.02;0.02;0.02;0.02;0.0170043437510188;0.299565624898118;0.0567633344339891;0.9999;29.9565624898118;0.00198607231376639;0.00833807945520888
20180921;90;7074.41;0.04;0.03;0.04;0.037;0.0330495018356046;0.35250781201357;0.0937553742336136;0.9998;19.752490821977;0.00364392386527945;0.0152981976068198
20180921;95;7470.35;0.04;0.04;0.04;0.04;0.0350495018356046;0.410806874615421;0.0853186837937326;0.9998;24.752490821977;0.00365961587231811;0.0153640769811976
20180921;100;7868.12;0.01;0.05;0.04;0.022;0.0160495018356046;0.472505892907142;0.0339667760265557;0.9998;29.752490821977;0.00159105497015445;0.00667968767642427
20180921;105;8268.6;0.02;0.06;0.05;0.032;0.0247592930232373;0.537213669116221;0.046088352636241;0.9997;24.1356899225425;0.00233561286773155;0.00980554712573503
20180921;110;8672.59;0.03;0.07;0.06;0.042;0.0328437024974901;0.607822262521714;0.0540350436675833;0.9995;18.3125950050198;0.00295391433793622;0.0124013472635771
20180921;115;9078.87;0.05;0.1;0.09;0.065;0.0522727764427407;0.69087679869939;0.0756615022260796;0.9991;14.1413595080659;0.00449095158597245;0.0188542536411085
20180921;120;9498.16;0.1;0.12;0.14;0.106;0.0878349233536321;0.794081562545619;0.110611966700317;0.9988;15.1375638719733;0.00721310656125323;0.0302826111666407
20180921;125;9921.35;0.14;0.16;0.19;0.146;0.12094616165037;0.919033429224735;0.131601482388291;0.9982;13.9187990831278;0.00950858563474614;0.0399196655527704
20180921;130;10355.11;0.18;0.21;0.25;0.189;0.152562189171522;1.07114106723206;0.142429595726133;0.9971;12.5647623546477;0.0114917666305608;0.0482456064576132
20180921;135;10805.32;0.25;0.27;0.33;0.256;0.20201632917889;1.26139550491;0.160153043508192;0.9958;12.8532549574072;0.0145828847974455;0.061222973244448
20180921;140;11267.53;0.34;0.36;0.45;0.346;0.265855001636363;1.49978969316099;0.177261520630964;0.9939;13.1385243219078;0.0184039360246978;0.0772648003795501
20180921;145;11757.57;0.46;0.48;0.65;0.466;0.345513900441522;1.79650677346633;0.192325409257911;0.9898;11.8123627018116;0.0229214746197035;0.0962306736189275
20180921;150;12291.29;0.65;0.66;0.92;0.653;0.468486401460286;2.17023020392065;0.215869450445367;0.9846;11.9814025025788;0.0297299464205159;0.124814516437856
20180921;155;12903.3;0.91;0.93;1.32;0.916;0.632596541564077;2.63874993610748;0.239733418050686;0.9754;11.5204657900782;0.0382402410561624;0.160543080985785
20180921;160;13609.89;1.3;1.32;1.88;1.306;0.872018208120967;3.22369482324888;0.270502716892456;0.9625;11.5728477834409;0.0499764658152531;0.209814990103692
20180921;165;14441.87;1.86;1.89;2.68;1.869;1.2027320197153;3.94524193023482;0.304856341127782;0.9434;11.7715190863022;0.0649591067761953;0.272716250000061
20180921;170;18612.74;2.67;2.7;3.75;2.679;1.65900669413374;4.82458049427182;0.343865481382985;0.9137;11.8191576577783;0.0695236285159689;0.291879371442042
20180921;175;23445.21;3.8;3.85;5.21;3.815;2.26921400321166;5.88069312204449;0.385875262680386;0.8736;12.2293195948445;0.0754946073208597;0.31694718763154
20180921;180;28572.54;5.3;5.4;7.13;5.33;3.01926633179517;7.11980371761939;0.424065950627737;0.8177;12.6754452452267;0.0824227646124646;0.346033503157502
20181019;2.5;1962.29;-1;0.02;-1;0.006;0.006;0;∞;1;0;0.0023849685826254;0.00757486760699068
20181019;5;1962.29;-1;0.02;-1;0.006;0.006;0;∞;1;0;0.0023849685826254;0.00757486760699068
20181019;7.5;1962.29;-1;0.02;-1;0.006;0.006;0;∞;1;0;0.0023849685826254;0.00757486760699068
20181019;10;1962.29;-1;0.02;-1;0.006;0.006;0;∞;1;0;0.0023849685826254;0.00757486760699068
20181019;12.5;1962.29;-1;0.02;-1;0.006;0.006;0;∞;1;0;0.0023849685826254;0.00757486760699068
20181019;15;1962.29;-1;0.02;-1;0.006;0.006;0;∞;1;0;0.0023849685826254;0.00757486760699068
20181019;17.5;1962.29;-1;0.02;-1;0.006;0.006;0;∞;1;0;0.0023849685826254;0.00757486760699068
20181019;20;1962.29;-1;0.02;-1;0.006;0.006;0;∞;1;0;0.0023849685826254;0.00757486760699068
20181019;22.5;1962.29;-1;0.02;-1;0.006;0.006;0;∞;1;0;0.0023849685826254;0.00757486760699068
20181019;25;1962.29;-1;0.02;-1;0.006;0.006;0;∞;1;0;0.0023849685826254;0.00757486760699068
20181019;30;2354.74;-1;0.02;-1;0.006;0.006;0;∞;1;0;0.00198748057110339;0.00631241111822186
20181019;35;2747.18;-1;0.02;-1;0.006;0.006;0;∞;1;0;0.00170356511040412;0.00541067092674005
20181019;40;3139.61;-1;0.02;-1;0.006;0.00566362102737595;0.0336378972624051;0.168370245714075;0.9999;3.36378972624051;0.00140706151444072;0.00446894972303891
20181019;45;3532.05;-1;0.02;-1;0.006;0.00516362102737595;0.0836378972624051;0.0617378149904418;0.9999;8.36378972624051;0.00114030786691956;0.00362171694254235
20181019;50;3924.49;-1;0.02;-1;0.006;0.00466362102737595;0.133637897262405;0.0348974439355229;0.9999;13.3637897262405;0.000926903725414829;0.00294392683224144
20181019;55;4316.94;-1;0.02;-1;0.006;0.00416362102737595;0.183637897262405;0.0226729944605412;0.9999;18.3637897262405;0.000752297785318591;0.00238936318337057
20181019;60;4709.39;-1;0.02;-1;0.006;0.00366362102737595;0.233637897262405;0.0156807652795353;0.9999;23.3637897262405;0.000606792897031938;0.00192722700557318
20181019;65;5101.86;-1;0.02;-1;0.006;0.00316362102737595;0.283637897262405;0.0111537317753035;0.9999;28.3637897262405;0.000483671523984045;0.00153618281856672
20181019;70;5494.37;-1;0.03;-1;0.009;0.00566362102737595;0.333637897262405;0.0169753528416513;0.9999;33.3637897262405;0.000804027468363659;0.00255366115495501
20181019;75;5887;-1;0.03;-1;0.009;0.00516362102737595;0.383637897262405;0.0134596218575457;0.9999;38.3637897262405;0.0006841556652545;0.00217293788464527
20181019;80;6279.93;-1;-1;-1;-1;-1.00433637897262;0.433637897262405;-2.31607150877054;0.9999;43.3637897262405;-0.124743806953047;-0.396197178170438
20181019;85;6673.7;-1;-1;-1;-1;-1.00483637897262;0.483637897262405;-2.07766261630948;0.9999;48.3637897262405;-0.117441955077191;-0.373005861669077
20181019;90;7070.9;-1;-1;-1;-1;-1.00563238501323;0.534455275620515;-1.88160250424259;0.9998;28.161925066134;-0.110932591368895;-0.352331556499902
20181019;95;7470.35;-1;-1;-1;-1;-1.00687166253639;0.589516345680678;-1.707962247211;0.9997;22.905541787952;-0.1051302678962;-0.333902872600758
20181019;100;7875.67;0.01;0.07;0.08;0.028;0.0195305307497182;0.651018376160342;0.0299999684569701;0.9996;21.1736731257046;0.00193428800150085;0.00614346689172334
20181019;105;8282.87;0.02;0.09;0.09;0.041;0.030193808072389;0.720845321581616;0.041886667178668;0.9995;21.6123838552219;0.00284335867838846;0.00903075441114249
20181019;110;8695.47;0.05;0.1;0.1;0.065;0.0511516761481492;0.801230630616954;0.0638413887256931;0.9993;19.7833197883583;0.00458840147749994;0.0145731620839726
20181019;115;9111.25;0.07;0.13;0.14;0.088;0.068608490464026;0.897111785441397;0.0764770807578559;0.9985;12.9276730239826;0.00587346660029527;0.0186546406587639
20181019;120;9532.17;0.13;0.17;0.18;0.142;0.113835370677008;1.01927762948639;0.111682398773304;0.9977;12.2454910099966;0.0093149397385974;0.0295850586045452
20181019;125;9968.12;0.16;0.22;0.25;0.178;0.136494281736859;1.17555598602712;0.11611040508428;0.9966;12.2075641950414;0.0106806037401988;0.0339225262270226
20181019;130;10413.73;0.26;0.28;0.35;0.266;0.204694716998682;1.37422909503041;0.148952396466436;0.9954;13.3272354350692;0.0153318627676127;0.0486953293553961
20181019;135;10882.13;0.35;0.37;0.47;0.356;0.267186918859042;1.62102498476993;0.164825910377293;0.9938;14.3246905066062;0.0191511952816271;0.0608258615357764
20181019;140;11381.56;0.48;0.5;0.64;0.486;0.358145984704719;1.92058980390562;0.186477083225377;0.9905;13.4583173995033;0.0245444269563821;0.0779552343114659
20181019;145;11919.63;0.65;0.67;0.88;0.656;0.46895689341725;2.28575627306075;0.205164872101299;0.9858;13.1720497593486;0.0306877291380231;0.0974668962405474
20181019;150;12511.06;0.9;0.92;1.23;0.906;0.630802325221336;2.73188426829982;0.230903751136542;0.978;12.508985217212;0.0393272683267958;0.124906823968367
20181019;155;13184.02;1.25;1.28;1.72;1.259;0.845454423064537;3.2811449113763;0.257670552779671;0.967;12.5316841495595;0.0500192240295705;0.158865405015658
20181019;160;13970.94;1.73;1.77;2.4;1.742;1.12561637210328;3.95402613694672;0.284676006965518;0.9503;12.4020850683444;0.0628433570139561;0.199595966516065
20181019;165;14904.95;2.41;2.46;3.31;2.425;1.50261104193856;4.77079871643451;0.314960058315255;0.9269;12.6181800008405;0.0786340519567039;0.24974858675814
20181019;170;19167.87;3.3;3.4;4.5;3.33;1.97875500026471;5.74868764897969;0.344209865118677;0.9003;13.5531093253289;0.0805216698676729;0.255743825384065
20181019;175;24079.03;4.55;4.65;6.06;4.58;2.63614096838359;6.88530899920011;0.382864584391178;0.8602;13.9045710416052;0.0853933881613669;0.271216826312515
20181019;180;29286.31;6.15;6.25;8.01;6.18;3.4221559898024;8.17836585599659;0.418440071043434;0.8115;14.6304722026398;0.0911443494262635;0.289482379373415
