Expiry;Strike;ReqMar;Bid;Ask;Last/Close;Premium;E[PnL];S[PnL];Sharpe;Prob(%);LGL;E[Return](%);Ann[Return](%)
20180706;55;4323.8;0.01;0.05;0.01;0.022;0.022;0;∞;1;0;0.00396873120865905;0.144957907396272
20180706;60;4751.91;0.05;0.06;0.08;0.053;0.0526556712074779;0.0209957392761791;2.5079217509249;0.9995;0.688657585044265;0.00864314003039467;0.315690689610165
20180706;63;5025.14;0.08;0.11;0.15;0.089;0.0770670050309282;0.157312362546308;0.489897957054978;0.9902;1.21765254786446;0.0119623063087046;0.436923237925437
20180706;64;5128.04;0.11;0.15;0.21;0.122;0.095385033600993;0.247125716058114;0.385977773266471;0.9795;1.298291043854;0.0145085307854023;0.52992408693682
20180706;64.5;5184.58;0.13;0.17;0.24;0.142;0.103214159140296;0.304424435639422;0.339046893274194;0.9717;1.37052441200368;0.0155281708700475;0.567166441028484
20180706;65;5543.31;0.16;0.2;0.28;0.172;0.1166915165101;0.37115173208425;0.314403804219918;0.9619;1.4516662333307;0.0164196811792734;0.599728855072962
20180706;65.5;5962.56;0.19;0.23;0.32;0.202;0.124411814746722;0.448030059524422;0.277686311670211;0.9495;1.5363997079857;0.0162750924942379;0.594447753352039
20180706;66;6385.24;0.21;0.27;0.38;0.228;0.121663966885217;0.535510311305399;0.227192575598853;0.9345;1.6234508872486;0.0148620716168021;0.542837165803695
20180706;66.5;6813.91;0.26;0.32;0.45;0.278;0.135277870701128;0.633751468570699;0.213455711599722;0.9193;1.76855178809012;0.015485490584243;0.565607543589477
20180706;67;7250.27;0.32;0.37;0.52;0.335;0.146987209682518;0.742414543779076;0.197985358603451;0.8986;1.85416952975821;0.0158132074463936;0.577577401979525
20180706;67.5;7695.84;0.39;0.43;0.6;0.402;0.157318331399065;0.86139229509053;0.182632619650413;0.8734;1.93271460190312;0.0159447569714639;0.582382248382719
20180706;68;8152.32;0.45;0.51;0.7;0.468;0.153964672326082;0.990753976360678;0.155401518439157;0.8483;2.07010763133763;0.01473107586728;0.538052546052401
20180706;68.5;8613.45;0.54;0.62;0.8;0.564;0.166073186310392;1.12982136561345;0.146990658315459;0.8158;2.1602975770337;0.0150389315921153;0.549296976402013
20180706;69;9093.03;0.62;0.72;0.9;0.65;0.151376533175031;1.27793602795529;0.118453920903408;0.7818;2.2851671256873;0.0129850771279237;0.474279942097414
20180706;69.5;9575.6;0.75;0.84;1.05;0.777;0.160871874352622;1.43460011606121;0.112137084440162;0.7467;2.43240475976067;0.0131041461626473;0.478628938590692
20180706;70;10079.17;0.88;0.95;1.2;0.901;0.147729483763521;1.59793263116563;0.0924503830025412;0.7068;2.56913545783247;0.0114323895058369;0.417568026700694
20180706;70.5;10589.55;1.04;1.14;1.34;1.07;0.160790405258457;1.76744810711018;0.0909731972393538;0.6689;2.74602716623843;0.0118434226290632;0.432581011526534
20180706;71;11119.67;1.21;1.3;1.54;1.237;0.152918700455078;1.94178469928757;0.0787516249928137;0.6335;2.95792987597523;0.0107266300488199;0.391790162533147
20180706;71.5;11658.27;1.38;1.49;1.74;1.413;0.136904052025624;2.12038730278378;0.0645655875442603;0.5987;3.17990517810709;0.00915960606333418;0.334554611463281
20180706;72;12225.05;1.58;1.7;1.95;1.616;0.129934080337138;2.30123837279401;0.0564626776057887;0.5624;3.39594588588405;0.00829023870356094;0.302800968647563
20180713;60;4747.75;0.04;0.06;0.11;0.046;0.0443279112076752;0.0467022373544356;0.949160334038368;0.9976;0.696703663468672;0.00728255926322714;0.15646792769963
20180713;65;5582.59;0.21;0.24;0.36;0.219;0.14208530126697;0.475971220178687;0.29851658092611;0.9548;1.70165262683694;0.01985217166015;0.426529746992341
20180713;65.5;6006.57;0.25;0.28;0.41;0.259;0.156801615094231;0.557790319234643;0.281112112718956;0.9434;1.80562517501358;0.0203619136667849;0.437481703929012
20180713;66;6433.23;0.29;0.32;0.47;0.299;0.164927632034247;0.648927429654598;0.254154200450475;0.9291;1.89100660036324;0.0199967283909812;0.429635590870935
20180713;66.5;6871.43;0.34;0.41;0.54;0.361;0.187594726203014;0.749732274548384;0.250215620390645;0.9129;1.99087570375415;0.021294532060772;0.457519284423351
20180713;67;7310.38;0.4;0.44;0.61;0.412;0.190349240482163;0.860095663552315;0.221311708160455;0.8937;2.08514355143779;0.0203098070929401;0.436362178864492
20180713;67.5;7764.57;0.47;0.51;0.7;0.482;0.201025503238514;0.979937760784349;0.205141092917587;0.8694;2.15141268576942;0.0201942789524779;0.433880022787797
20180713;68;8221.36;0.56;0.59;0.8;0.569;0.215727282423169;1.10922400928612;0.194484865651266;0.8414;2.2274446253268;0.0204670857729223;0.439741357562344
20180713;68.5;8688.63;0.65;0.68;0.89;0.659;0.218648686018384;1.24774852297932;0.175234578115391;0.8103;2.32130371102592;0.0196286382426619;0.421727065772485
20180713;69;9165.27;0.75;0.79;1;0.762;0.218820295329182;1.39506575172353;0.156853033671597;0.7781;2.44785806521324;0.0186224552421;0.400108928069236
20180713;69.5;9647.86;0.86;0.91;1.15;0.875;0.21301811985138;1.55057845306247;0.13737977554806;0.745;2.59600737313184;0.0172218640697602;0.370016814792936
20180713;70;10151.45;1;1.04;1.29;1.012;0.214396796702692;1.71312889706699;0.125149250047534;0.7111;2.76082797956839;0.0164734595972102;0.353937124581238
20180713;70.5;10659.01;1.14;1.19;1.46;1.155;0.204041783795547;1.8813428816034;0.108455394171237;0.6752;2.92782702033391;0.0149312732946612;0.320802798286765
20180713;71;11190.34;1.32;1.36;1.63;1.332;0.209926183306305;2.05423347009367;0.102191978839062;0.6399;3.11600615577255;0.0146324797082947;0.314383130203213
20180713;71.5;11729.65;1.5;1.55;1.85;1.515;0.204391087308417;2.23076689233897;0.0916236869080089;0.6073;3.33743038627854;0.0135916287442989;0.292020141109128
20180713;72;12288.18;1.7;1.78;2.07;1.724;0.208601428441318;2.4102477534693;0.0865477120105427;0.5743;3.55978052985361;0.0132411076485068;0.284489092271594
20180720;30;2354.77;-1;0.02;-1;0.006;0.006;0;∞;1;0;0.00198745525040662;0.0302465845921258
20180720;35;2747.23;-1;0.02;-1;0.006;0.006;0;∞;1;0;0.00170353410526239;0.025925659664462
20180720;37.5;2943.45;-1;0.02;-1;0.006;0.006;0;∞;1;0;0.00158997095245375;0.0241973704326556
20180720;40;3139.68;-1;0.02;-1;0.006;0.006;0;∞;1;0;0.00149059776792539;0.0226850347806146
20180720;42.5;3335.95;-1;0.02;-1;0.006;0.006;0;∞;1;0;0.00140289872450127;0.0213503649635037
20180720;45;3532.4;-1;0.02;-1;0.006;0.006;0;∞;1;0;0.00132487826973163;0.0201629911674782
20180720;47.5;3731.28;-1;0.02;-1;0.006;0.006;0;∞;1;0;0.00125426127227118;0.019088288737377
20180720;50;3934.5;-1;0.03;-1;0.009;0.009;0;∞;1;0;0.00178421654593976;0.0271535455585208
20180720;52.5;4136.57;0.02;0.03;0.02;0.023;0.023;0;∞;1;0;0.00433692648740382;0.0660025999801768
20180720;55;4339.22;0.05;0.04;0.05;0.047;0.0468501199103393;0.01498800896607;3.12584013102734;0.9999;1.498800896607;0.00842158118972181;0.128165938731079
20180720;57.5;4545.93;0.03;0.06;0.08;0.039;0.0381059502161951;0.0482218244865964;0.790222075209678;0.9995;1.78809956760983;0.00653829715121706;0.0995047097700846
20180720;60;4763.55;0.06;0.09;0.14;0.069;0.0638567596697457;0.12114455358125;0.527112096929043;0.9965;1.46949723721553;0.0104561246428402;0.159129146908225
20180720;62.5;5008.48;0.13;0.14;0.24;0.133;0.106202908918133;0.285945517567067;0.371409595162561;0.9839;1.66441559514699;0.0165396026251765;0.251712077451905
20180720;63;5065.42;0.15;0.16;0.27;0.153;0.117121128536068;0.335191488397242;0.349415580616611;0.9794;1.74169278951125;0.0180349270658965;0.274469046284112
20180720;64;5183.42;0.2;0.21;0.34;0.203;0.140540551413829;0.45393370624156;0.309605895049002;0.9672;1.9042514812857;0.0211485139353529;0.321853946453651
20180720;65;5614.2;0.26;0.27;0.42;0.263;0.158109360906664;0.602672100243974;0.262347237980086;0.9487;2.04465183417808;0.0219666740599192;0.334305320849395
20180720;66;6473.57;0.35;0.36;0.54;0.353;0.183319035282911;0.78466213364397;0.233627987668499;0.9221;2.17818953423734;0.0220880978379273;0.336153238970956
20180720;67;7354.76;0.48;0.49;0.69;0.483;0.218185491649705;1.00141243492777;0.217877753500677;0.8852;2.3067465884172;0.0231393931939003;0.35215264016967
20180720;67.5;7811.34;0.55;0.56;0.77;0.553;0.225349937061587;1.1229050296325;0.200684769517275;0.8634;2.39860953834856;0.0225022788545932;0.34245655631834
20180720;68;8270.47;0.64;0.65;0.87;0.643;0.240528729982973;1.25313556863808;0.191941507369695;0.8382;2.48746149577891;0.0226846127713079;0.345231450613342
20180720;68.5;8744.32;0.74;0.75;0.99;0.743;0.253370382577883;1.39196895723881;0.182023012266368;0.8114;2.59612734582247;0.0226008309863715;0.343956396573842
20180720;69;9228.07;0.85;0.86;1.11;0.853;0.261344207104979;1.53840201158463;0.169880307706944;0.7814;2.70656812852251;0.0220900449976955;0.336182872308678
20180720;69.5;9719.31;0.97;0.99;1.26;0.976;0.267954599590914;1.69238148714323;0.158329904709148;0.7525;2.86078949660237;0.021504056119304;0.327264854065658
20180720;70;10219.19;1.11;1.13;1.42;1.116;0.275789306333523;1.85263302521096;0.148863429821521;0.7181;2.98052746955118;0.0210501672774602;0.320357233253847
20180720;70.5;10738.67;1.27;1.28;1.59;1.273;0.283769181465999;2.01817676674438;0.140606703110432;0.685;3.14041529693334;0.0206114874135698;0.313681074075265
20180720;71;11273.39;1.44;1.45;1.77;1.443;0.288264961934741;2.18835738693203;0.131726638279534;0.6543;3.3402807002177;0.0199449030246535;0.303536492906445
20180720;71.5;11811.75;1.63;1.64;1.97;1.633;0.296428557810078;2.36221787784655;0.125487390722955;0.6173;3.49247829158589;0.0195749380990845;0.297906089195442
20180720;72;12367.35;1.83;1.84;2.17;1.833;0.296313080582592;2.53778531323767;0.116760499415358;0.5819;3.67540521267019;0.0186882560010368;0.284411896015778
20180727;60;4791.5;0.09;0.12;0.17;0.099;0.088787070999517;0.176919177251752;0.501851028128934;0.9944;1.82373732151482;0.0144534937659654;0.17029479348448
20180727;65;5689.67;0.34;0.38;0.5;0.352;0.214962503163457;0.724850012756829;0.296561356667275;0.9379;2.20672297643387;0.0294693281802805;0.347215229607982
20180727;67.5;7918.77;0.67;0.7;0.87;0.679;0.302571974614874;1.26739545112006;0.238735253742212;0.8601;2.69069353384651;0.0298033836314985;0.351151157142092
20180727;68;8391.55;0.76;0.8;1;0.772;0.319879001448686;1.3988844862088;0.22866720204726;0.8366;2.76695837546704;0.0297329600765026;0.350321408643309
20180727;68.5;8868.52;0.86;0.91;1.13;0.875;0.334634000585674;1.53767777027293;0.217622968254446;0.8094;2.83507869577296;0.0294315760078148;0.346770423769496
20180727;69;9350.54;0.98;1.1;1.25;1.016;0.372925133672946;1.6832624580068;0.221549011503849;0.7787;2.90589636840061;0.0311085353642568;0.3665287916708
20180727;69.5;9852.25;1.11;1.16;1.38;1.125;0.364082516960973;1.83541293368525;0.198365452416175;0.749;3.0315437571276;0.0288243155857352;0.339615524764186
20180727;70;10355.05;1.26;1.33;1.51;1.281;0.387248713272244;1.99375873979763;0.194230478112688;0.7186;3.17608843897568;0.0291697284274195;0.343685268003709
20180727;70.5;10875.73;1.41;1.47;1.71;1.428;0.38531077253185;2.15722228972474;0.17861431080476;0.6871;3.33234013252844;0.0276342280081285;0.325593605805449
20180727;71;11403.83;1.59;1.64;1.9;1.605;0.397971806743437;2.32542059821138;0.171139709973129;0.6563;3.51186556082794;0.0272205048005697;0.320719012206712
20180727;71.5;11956.01;1.78;1.84;2.1;1.798;0.41134761716861;2.4974514422144;0.164706952942349;0.6251;3.69872601448757;0.0268359713141354;0.316188339435095
20180727;72;12506.83;1.98;2.1;2.3;2.016;0.434220112410032;2.67226117754826;0.162491644176943;0.5921;3.8778619455503;0.027080538208309;0.319069889696285
20180803;60;4816.48;0.12;0.15;0.19;0.129;0.114162163864511;0.22365984589329;0.510427624630387;0.9922;1.90228668403708;0.018487876585041;0.177702550597006
20180803;65;5750.39;0.41;0.45;0.58;0.422;0.256616630820573;0.823757353617641;0.311519684399304;0.9316;2.4178855143191;0.0348082429261402;0.334571334967703
20180803;68;8493.18;0.85;0.91;1.11;0.868;0.363520904498032;1.5211520637938;0.238977360088116;0.8315;2.99394121959625;0.0333851755771649;0.320893036304196
20180803;68.5;8964.55;0.97;1.02;1.25;0.985;0.390163494895384;1.66229380457168;0.234713919899327;0.8061;3.06774886593407;0.0339478865105778;0.326301724947066
20180803;69;9456.88;1.09;1.15;1.38;1.108;0.409502683412306;1.80962700590487;0.226291209224932;0.7786;3.15491109569871;0.0337756313986853;0.324646036009731
20180803;69.5;9959.85;1.21;1.34;1.52;1.249;0.43253261544407;1.96273471634221;0.220372428246516;0.7484;3.24510089251165;0.0338735462930038;0.325587178513675
20180803;70;10464.66;1.37;1.46;1.69;1.397;0.447201893227287;2.1210230820047;0.210842539631682;0.7177;3.36449913840848;0.0333329010896947;0.320390582184499
20180803;70.5;10993.52;1.54;1.6;1.86;1.558;0.459060442321711;2.28392343998461;0.200996423209705;0.687;3.51098900216706;0.0325707457675917;0.31306486556876
20180803;71;11522.92;1.71;1.8;2.03;1.737;0.474188899639332;2.45132724217046;0.193441696188826;0.6566;3.67737652987964;0.0320984040259482;0.308524791328357
20180803;71.5;12065.16;1.89;2;2.24;1.923;0.481242733092241;2.62222558465543;0.18352453576395;0.6253;3.84776425649255;0.0311118403578525;0.299042097123832
20180803;72;12623.78;2.12;2.18;2.45;2.138;0.500726385328246;2.79506527714094;0.179146580018495;0.5933;4.02575267930109;0.0309389565214248;0.297380364985537
20180817;55;4378.94;0.07;0.1;0.12;0.079;0.076793866732548;0.0714241305837001;1.07518098022286;0.9986;1.57580947675145;0.0136789305291663;0.0960813341495767
20180817;60;4855.62;0.17;0.21;0.28;0.182;0.153274646819066;0.338969831995315;0.452177841068712;0.9875;2.29802825447475;0.0246218247142221;0.172944643785954
20180817;62.5;5149.03;0.3;0.31;0.44;0.303;0.221710747502074;0.60173811201001;0.3684505652492;0.9663;2.41214399103637;0.0335858177271482;0.235908075477709
20180817;65;5813.09;0.52;0.53;0.73;0.523;0.311000482476871;1.0058339574;0.309196642436673;0.9227;2.74255520728498;0.0417300224720346;0.293113282844435
20180817;67.5;8088.21;0.91;0.93;1.19;0.916;0.426084442084598;1.57954972621532;0.269750571959211;0.8481;3.22525054585518;0.0410901626968125;0.288618883173284
20180817;70;10560.24;1.56;1.58;1.89;1.566;0.552970786779037;2.31111752878053;0.239265541407067;0.7273;3.71481192966983;0.0408435048528867;0.286886348990709
20181019;37.5;2949.67;0.01;0.04;0.01;0.019;0.0187793865631861;0.022061343681394;0.851234939920009;0.9999;2.2061343681394;0.0049659526385274;0.0157722974019316
20181019;40;3154.78;0.01;0.05;0.01;0.022;0.0215293865631861;0.0470613436813939;0.457474965205846;0.9999;4.7061343681394;0.00532300874206288;0.0169063386351171
20181019;42.5;3363.99;0.04;0.06;0.04;0.046;0.0450837931251281;0.0742340480640057;0.607319610083182;0.9997;3.05402291623968;0.0104534670547772;0.0332011203631076
20181019;45;3577.04;0.05;0.08;0.08;0.059;0.0570928140853792;0.111948855156525;0.509990155822074;0.9995;3.81437182924157;0.0124495099262507;0.0395407260918527
20181019;47.5;3796.1;0.07;0.11;0.11;0.082;0.0788101141860133;0.158741605131911;0.496467917913037;0.9994;5.31647635664448;0.0161934324873134;0.0514317497042715
20181019;50;4024.55;0.11;0.15;0.16;0.122;0.115908478012007;0.218149682509334;0.531325449016173;0.9986;4.35108713428055;0.0224642787018091;0.0713485025724848
20181019;55;4526.92;0.25;0.3;0.34;0.265;0.24301062822634;0.407440964619871;0.596431506225844;0.9933;3.28199578711338;0.0418713584548756;0.132987075440377
20181019;57.5;4824.47;0.37;0.42;0.48;0.385;0.337341172115429;0.574890277514476;0.586792272038266;0.9857;3.33278516675325;0.0545399006004876;0.173223466907201
20181019;60;5172.57;0.58;0.59;0.69;0.583;0.480755044466697;0.824231495131049;0.583276721778581;0.9691;3.30889823732372;0.0724956713363035;0.230252556135521
20181019;62.5;5595.51;0.86;0.87;1.02;0.863;0.651962835665807;1.18341323474823;0.550917309797126;0.9424;3.66383965857973;0.0908819771243961;0.288649062127702
20181019;65;6422.07;1.27;1.29;1.49;1.276;0.872915882362583;1.66550839245522;0.524113769895671;0.8993;4.00282142638944;0.106021016314493;0.336731967033639
20181019;67.5;8841.51;1.86;1.87;2.1;1.863;1.13614092383599;2.27280459224248;0.499885000106853;0.8355;4.41859620768395;0.10023060773466;0.3183411258703
20181019;70;11432.04;2.65;2.67;2.93;2.656;1.41112837553104;2.99682009341839;0.470875238266775;0.7464;4.90879978102901;0.0962802905618082;0.305794575023482
