Expiry;Strike;ReqMar;Bid;Ask;Last/Close;Premium;E[PnL];S[PnL];Sharpe;Prob(%);LGL;E[Return](%);Ann[Return](%)
20180706;36;2826.22;-1;0.02;-1;0.006;0.006;0;∞;1;0;0.0016559220442853;0.0604825526675206
20180706;37;2905.14;-1;0.02;-1;0.006;0.006;0;∞;1;0;0.00161093785497429;0.0588395051529358
20180706;37.5;2944.78;-1;0.02;-1;0.006;0.006;0;∞;1;0;0.00158925284741135;0.0580474602516996
20180706;38;2983.36;-1;0.02;-1;0.006;0.006;0;∞;1;0;0.00156870106188995;0.0572968062855304
20180706;38.5;3022.42;-1;0.02;-1;0.006;0.006;0;∞;1;0;0.00154842808080942;0.056556335651564
20180706;39;3063.48;-1;0.03;-1;0.009;0.009;0;∞;1;0;0.00229151161424263;0.0836974617102119
20180706;39.5;3104.41;0.01;0.03;0.01;0.016;0.016;0;∞;1;0;0.00402008755286834;0.146833697868516
20180706;40;3423.19;0.02;0.03;0.02;0.023;0.0229688561280131;0.00306311082853238;7.49853903883005;0.9998;0.155719359934494;0.005233629386581;0.191158313344871
20180706;40.5;3819.63;0.03;0.03;0.03;0.03;0.0298688561280131;0.0095141160774952;3.13942523769131;0.9998;0.655719359934494;0.00609946716824672;0.222783038320211
20180706;41;4216.95;0.06;0.04;0.06;0.054;0.0536767444951045;0.0168250123889694;3.19029450048403;0.9987;0.248658080688838;0.00992846979598561;0.362637359298374
20180706;41.5;4618.17;0.08;0.04;0.08;0.068;0.0665691462293965;0.0324798569691128;2.04955170500601;0.9962;0.3765404659483;0.0112434003206745;0.410665196712635
20180706;42;5024.83;0.03;0.06;0.1;0.039;0.0343903656579705;0.061576348094972;0.558499598010079;0.9896;0.443234071348986;0.00533838661471473;0.194984571102456
20180706;42.5;5439.74;0.06;0.09;0.15;0.069;0.0563551270846161;0.108393726802172;0.519911333867771;0.9761;0.529074180559995;0.00808071693242702;0.295148185956897
20180706;43;5865.84;0.1;0.13;0.22;0.109;0.0773981782469097;0.177948338358974;0.434947462621286;0.9437;0.561311221191657;0.0102918898286673;0.375911275992072
20180706;43.5;6314.78;0.16;0.21;0.32;0.175;0.0999453764214301;0.278262526692237;0.35917655751028;0.8725;0.588663714341724;0.0123452271668555;0.450909422269396
20180706;44;6797.19;0.28;0.33;0.48;0.295;0.122984024301095;0.413553011648894;0.297383940720781;0.7288;0.634277196529885;0.0141128229393108;0.515470857858328
20180713;36;2827.79;-1;0.03;-1;0.009;0.009;0;∞;1;0;0.00248250400489428;0.0533373286933904
20180713;37;2906.62;0.01;0.04;0.01;0.019;0.019;0;∞;1;0;0.00509870571316512;0.10954719186668
20180713;38;2989.52;0.02;0.05;0.02;0.029;0.0289673537585166;0.00326462414833976;8.87310527714134;0.9999;0.326462414833976;0.00755791429113803;0.162384011461068
20180713;39;3075.15;0.05;0.04;0.05;0.047;0.0468189862223037;0.0137050239199757;3.4161914999698;0.9997;0.603379258987547;0.0118754562390117;0.255147670076414
20180713;40;3447.09;0.08;0.05;0.08;0.071;0.0702968471972661;0.0304869113411228;2.3058041666046;0.9988;0.585960668944923;0.0159066171216497;0.341758347275445
20180713;41;4254.13;0.04;0.07;0.11;0.049;0.0445835159672866;0.070299972450493;0.634189664849206;0.9919;0.545244942310292;0.00817444282485105;0.175630308339814
20180713;42;5081.64;0.1;0.14;0.19;0.112;0.0925042723495347;0.159466738047255;0.580085060259544;0.9717;0.688894969981107;0.0141988280225748;0.305065996190909
20180713;43;5959.93;0.21;0.26;0.34;0.225;0.141834036828077;0.327320877264612;0.433318027292882;0.8839;0.716330432144036;0.0185623906196718;0.398818421990301
20180713;44;6932.77;0.45;0.49;0.64;0.462;0.163138452148531;0.607445873429091;0.268564590335595;0.6538;0.863262703210481;0.0183545671752928;0.394353274163276
20180720;30;2354.95;-1;0.02;-1;0.006;0.006;0;∞;1;0;0.00198730333977367;0.0302442727021805
20180720;31;2433.48;-1;0.03;-1;0.009;0.009;0;∞;1;0;0.0028847576310469;0.0439024051974949
20180720;32;2512.27;-1;0.03;-1;0.009;0.009;0;∞;1;0;0.00279428564604919;0.0425255346758111
20180720;33;2591.93;-1;0.03;-1;0.009;0.009;0;∞;1;0;0.00270840647702677;0.0412185610722512
20180720;34;2675.27;0.01;0.04;0.01;0.019;0.019;0;∞;1;0;0.00553962777588804;0.0843062102142961
20180720;35;2759.54;0.02;0.04;0.02;0.026;0.026;0;∞;1;0;0.00734905092877798;0.11184336882234
20180720;36;2843.94;0.01;0.04;0.04;0.019;0.0189718504967267;0.00238909452696671;7.94102128759806;0.9998;0.140747516366517;0.00520335991175862;0.0791886336570766
20180720;37;2930.17;0.03;0.05;0.05;0.036;0.0357718504967267;0.0161858316666611;2.21007182290226;0.9998;1.14074751636652;0.00952232921210948;0.144917947696791
20180720;38;3018.73;0.06;0.07;0.06;0.063;0.0625539912861151;0.0303543857870121;2.0607892291097;0.9997;1.48669571294982;0.0161631259513669;0.245982573072365
20180720;39;3111.01;0.06;0.07;0.09;0.063;0.0618763180241936;0.0481369315157344;1.28542298139565;0.9988;0.936401646505339;0.0155137810739506;0.236100355719185
20180720;40;3488.24;0.08;0.09;0.12;0.083;0.0794765006994694;0.0800013785788802;0.99343913956566;0.9954;0.765978108811003;0.0177716185083555;0.270461819174036
20180720;40.5;3896.08;0.1;0.11;0.15;0.103;0.0959928699871869;0.106885767877533;0.898088416197497;0.9908;0.761644566610124;0.0192178904411628;0.292472270151447
20180720;41;4309.19;0.13;0.14;0.19;0.133;0.120170119428406;0.144918591558564;0.829225002368611;0.9846;0.833109128025577;0.0217518125573847;0.331035397357699
20180720;41.5;4732.33;0.17;0.18;0.23;0.173;0.149765055536334;0.195288423773462;0.766891619290575;0.9717;0.821022772567696;0.0246848261466002;0.375672197918572
20180720;42;5163.66;0.22;0.23;0.31;0.223;0.179761753134971;0.26270077798805;0.684283291856673;0.9465;0.808191530187449;0.0271540278494862;0.413250361334368
20180720;42.5;5611.38;0.29;0.3;0.39;0.293;0.213978737321544;0.352261131283822;0.607443508006956;0.9059;0.839758370653093;0.0297437377455821;0.452662508815577
20180720;43;6077.43;0.38;0.39;0.51;0.383;0.242439873270905;0.466709588237494;0.519466236351534;0.8434;0.897574244757949;0.0311156362395463;0.473541089020596
20180720;43.5;6565.95;0.51;0.52;0.65;0.513;0.272820922262867;0.605460309630836;0.450600836955295;0.7556;0.982729450642935;0.0324096771015673;0.493234773389478
20180720;44;7083.99;0.67;0.68;0.84;0.673;0.277951651714024;0.761807955814855;0.364857900987287;0.6229;1.04759572603017;0.0306045446615451;0.46576291406789
20180727;36;2834.85;0.03;0.05;0.03;0.036;0.0355201508603174;0.0281210648498236;1.26311542788325;0.9997;1.59949713227526;0.00977325702278695;0.11515103637332
20180727;37;2921.11;0.06;0.06;0.06;0.06;0.0590853651932052;0.0462359012067747;1.27791096639309;0.9994;1.52439134465804;0.0157770795521908;0.185889622788312
20180727;38;3014.09;0.08;0.07;0.08;0.077;0.0754024194164419;0.0677110101439088;1.11359170770287;0.999;1.59758058355809;0.0195129830711175;0.229907002152441
20180727;39;3117.36;0.06;0.1;0.1;0.072;0.0688985586708479;0.0951566622221606;0.724053965974465;0.9976;1.29226722048005;0.0172392267056937;0.203117017879182
20180727;40;3508.8;0.1;0.13;0.16;0.109;0.100630058988133;0.139339754077847;0.722192023763103;0.9913;0.962062185272049;0.0223698831539968;0.263567736193462
20180727;41;4347.75;0.16;0.19;0.24;0.169;0.14433830253086;0.220612329241714;0.654262175767679;0.9718;0.874528279047536;0.0258947446320673;0.30509856376976
20180727;42;5217.82;0.28;0.31;0.37;0.289;0.217418959758702;0.364772413397378;0.59604002872292;0.9273;0.984608531517168;0.0325014639469716;0.382940635697787
20180727;43;6149.95;0.47;0.5;0.59;0.479;0.284329482145587;0.58988602731772;0.482007487850605;0.8142;1.04774229200437;0.0360615933582481;0.42488699916452
20180727;44;7170.57;0.77;0.79;0.93;0.776;0.300893518294716;0.891879900648784;0.337369995753729;0.6077;1.21107948433669;0.0327305840776784;0.38564018820555
20180803;36;2848.59;0.04;0.06;0.04;0.046;0.0454783814388669;0.0268356676445707;1.69469908635077;0.9994;0.869364268555117;0.0124528758165676;0.119695076105297
20180803;37;2944.5;0.08;0.08;0.08;0.08;0.0786885709664104;0.0495577190446534;1.58781664054209;0.9989;1.19220821235418;0.0208446545606385;0.200355528375611
20180803;38;3042.34;0.07;0.09;0.1;0.076;0.0718652871451177;0.084814316147412;0.847324961274366;0.9952;0.861398511433819;0.0184249373749127;0.177097588847022
20180803;39;3146.41;0.09;0.13;0.15;0.102;0.0905492915483819;0.146816746492437;0.616750430122399;0.9884;0.987130038932594;0.0224473121455048;0.215760020030149
20180803;40;3541.79;0.14;0.17;0.2;0.149;0.118055047842051;0.244736015010896;0.482377094506482;0.9696;1.01792605782728;0.0259989828072245;0.249898117640493
20180803;41;4386.53;0.21;0.25;0.3;0.222;0.142500088287694;0.397756409696379;0.358259690639478;0.9287;1.11500577436614;0.0253389510306328;0.243553996419437
20180803;42;5270.84;0.35;0.37;0.45;0.356;0.170642670269794;0.617922118766666;0.276155627201672;0.8504;1.23901958375806;0.0252523853523233;0.242721940787792
20180803;43;6220.19;0.55;0.58;0.68;0.559;0.166176234625451;0.905241852560193;0.183571091145945;0.7299;1.45436418132006;0.0208381838831052;0.200293333244847
20180803;44;7253.47;0.86;0.89;1.02;0.869;0.125579139176007;1.23687446369087;0.10152941374606;0.5615;1.69537254463853;0.0135041198981019;0.129799468231098
20180817;35;2804.42;0.06;0.09;0.07;0.069;0.0683870039520605;0.0383394792183222;1.78372281904598;0.9995;1.22599209587906;0.0190206399478706;0.133601706556918
20180817;36;2891.42;0.06;0.1;0.1;0.072;0.0705202348292161;0.0585619310896093;1.20419927275466;0.9987;1.13828090060299;0.0190237956321768;0.133623872204857
20180817;37;2984.07;0.09;0.12;0.13;0.099;0.0951491970550161;0.0917872419045852;1.03662769553448;0.9965;1.10022941285253;0.0248708554768865;0.174693845441015
20180817;38;3088.45;0.13;0.14;0.17;0.133;0.123712281548963;0.14393901382037;0.859477067859801;0.9918;1.13264859158993;0.0312440154796713;0.219459166422114
20180817;39;3202.12;0.17;0.18;0.22;0.173;0.150672579969592;0.223778009507623;0.673312718712242;0.9808;1.16288645991709;0.0367021262089746;0.257797146112076
20180817;40;3609.15;0.24;0.25;0.3;0.243;0.190051515654589;0.345482067482752;0.550105297908341;0.9558;1.19792951007718;0.0410734334152305;0.288501376056018
20180817;41;4472.11;0.33;0.34;0.41;0.333;0.217118154036823;0.520222827093751;0.417356068840277;0.9131;1.33350800878224;0.0378685140009352;0.265989898823876
20180817;42;5375.32;0.49;0.5;0.59;0.493;0.25431063164407;0.754025304605282;0.337270685865373;0.8337;1.43529385662014;0.0369024156110473;0.259203986575673
20180817;43;6338.77;0.72;0.73;0.86;0.723;0.264020696271019;1.04566717949174;0.252490181818032;0.7185;1.63047710028057;0.0324883444408607;0.228199380904315
20180817;44;7386.81;1.05;1.06;1.23;1.053;0.239022750111265;1.374291077131;0.173924399342135;0.5639;1.86649220336789;0.0252392771828146;0.17728165367352
20180921;23;1962.54;-1;0.03;-1;0.009;0.009;0;∞;1;0;0.00357699715674585;0.0150172208218554
20180921;25;1965.37;0.01;0.03;0.01;0.016;0.016;0;∞;1;0;0.00634994937340043;0.026658839179707
20180921;26;2047.95;0.01;0.04;0.01;0.019;0.019;0;∞;1;0;0.00723650479748041;0.0303808434170083
20180921;27;2132.92;0.02;0.04;0.02;0.026;0.026;0;∞;1;0;0.00950809219286237;0.0399175939476204
20180921;28;2220.26;0.04;0.05;0.04;0.043;0.043;0;∞;1;0;0.0151063388972463;0.0634205779565425
20180921;29;2307.25;0.03;0.06;0.05;0.039;0.0389339015182616;0.0048727485781075;7.99013142052629;0.9998;0.330492408692226;0.0131621814646198;0.0552584687350848
20180921;30;2394.65;0.05;0.06;0.05;0.053;0.0526481364891195;0.0199986820780783;2.63258030122046;0.9995;0.703727021761085;0.0171488720529151;0.0719956956014626
20180921;31;2483.79;0.06;0.08;0.06;0.066;0.0650653221026057;0.0406099401880539;1.60220186982068;0.9991;1.03853099710474;0.0204328672069831;0.0857828131879375
20180921;32;2573.83;0.04;0.09;0.07;0.055;0.0529811300591091;0.0675804993678188;0.783970680221671;0.9988;1.68239161740907;0.0160559483128665;0.0674073002445342
20180921;33;2665.6;0.09;0.1;0.09;0.093;0.0893083736708894;0.100635682921401;0.887442416827848;0.998;1.84581316455532;0.026133152559759;0.109714183591402
20180921;34;2760.27;0.11;0.12;0.12;0.113;0.106579022214279;0.141217433811565;0.754715755255076;0.9962;1.68973099624236;0.0301172122028416;0.126440365023999
20180921;35;2859.61;0.1;0.15;0.17;0.115;0.103259803362129;0.193474665179843;0.533712273212331;0.9928;1.63058286637104;0.0281656053176693;0.118246980945732
20180921;36;2968.38;0.16;0.19;0.22;0.169;0.146934598432565;0.263988370295733;0.556594967679682;0.9862;1.59894214256772;0.0386099444065117;0.162095197637683
20180921;37;3088.86;0.23;0.24;0.28;0.233;0.192165372107399;0.359742394347048;0.534174940532626;0.9747;1.61401691275102;0.0485256665060156;0.203724134383014
20180921;38;3221.88;0.3;0.31;0.37;0.303;0.229333049285998;0.487246109149362;0.470671894510086;0.9576;1.7374280828774;0.0555203106394647;0.233089580012236
20180921;39;3376.25;0.4;0.41;0.45;0.403;0.270554467557192;0.652654611432114;0.414544634816134;0.9234;1.72905394833953;0.0625049936155823;0.262413205955074
20180921;40;3838.95;0.53;0.55;0.62;0.536;0.305371974619448;0.863489831582394;0.353648605287959;0.8765;1.86743340389111;0.0620456479514372;0.260484746140948
20180921;41;4765.78;0.71;0.72;0.8;0.713;0.330280197008095;1.12042008850984;0.294782466322403;0.8151;2.06987454295243;0.0540559055739699;0.226941603573477
20180921;42;5733.81;0.94;0.96;1.07;0.946;0.340860838738086;1.41804415433073;0.240373924674412;0.7384;2.31322309350885;0.0463690729577204;0.194670159744912
20180921;43;6753.46;1.23;1.25;1.39;1.236;0.326016683453221;1.74620453955519;0.186700169463692;0.6495;2.59624341382818;0.0376537379496603;0.158080779150729
20180921;44;7833.3;1.6;1.63;1.77;1.609;0.301333756028013;2.09034059012415;0.14415533882453;0.5547;2.93659610144169;0.0300052761546029;0.125970426614583
