Expiry;Strike;ReqMar;Bid;Ask;Last/Close;Premium;E[PnL];S[PnL];Sharpe;Prob(%);LGL;E[Return](%);Ann[Return](%)
20180706;125;9811.48;-1;0.1;-1;0.03;0.03;0;∞;1;0;0.00238496129024367;0.0871107111261502
20180706;130;10203.87;-1;0.05;-1;0.015;0.015;0;∞;1;0;0.00114662378097722;0.0418804336001929
20180706;135;10596.39;-1;0.1;-1;0.03;0.0298896743457124;0.011032565428759;2.70922248671175;0.9999;1.1032565428759;0.00220017817291131;0.0803615077655856
20180706;140;10991.17;-1;0.25;-1;0.075;0.0743896743457124;0.061032565428759;1.21885216233528;0.9999;6.1032565428759;0.00527914189205114;0.192820657607168
20180706;141;11068.91;-1;0.3;-1;0.09;0.0892734129452697;0.071051013917778;1.25646923277659;0.9998;3.63293527365155;0.00629088700669807;0.229774647919647
20180706;142;11185;-1;0.1;-1;0.03;0.0290734129452697;0.0818611956561872;0.355155000024389;0.9998;4.63293527365155;0.00202747090722489;0.074053374886389
20180706;143;11228.48;-1;0.1;-1;0.03;0.0288138711825317;0.0937525582024328;0.307339572754016;0.9997;3.95376272489436;0.00200159055565622;0.0731080950453433
20180706;144;11309.33;-1;0.3;-1;0.09;0.0884043319412002;0.107340484326677;0.82358797331446;0.9995;3.19133611759965;0.00609721167515106;0.222700656434892
20180706;145;11391.2;-1;0.3;-1;0.09;0.0878271401405209;0.123576297010195;0.710711861946106;0.9994;3.6214330991319;0.00601386766184478;0.219656516348881
20180706;146;11474.63;-1;0.15;-1;0.045;0.0421302480812338;0.14238892772123;0.29588148991273;0.9992;3.58718989845779;0.00286384776706197;0.104602039691939
20180706;147;11560.19;0.05;0.15;0.05;0.08;0.0761770543450019;0.163982138403979;0.464544828396711;0.9989;3.47540514090738;0.00513988977595537;0.18773447406677
20180706;148;11945.86;0.05;0.15;0.05;0.08;0.0748932594634927;0.189012655051339;0.396234101061383;0.9985;3.40449369100487;0.00489012447672451;0.178611796512363
20180706;149;12744.27;0.05;0.15;0.05;0.08;0.0733072565585775;0.217881424759716;0.336454824634188;0.9982;3.71819080079026;0.00448669559854668;0.163876556736917
20180706;150;13590.44;0.1;0.15;0.1;0.115;0.106177212831261;0.250642095881498;0.423620830562561;0.9974;3.39337968028405;0.00609385906625422;0.222578202394935
20180706;152.5;15578.9;0.05;0.2;0.2;0.095;0.0762383631645507;0.35945103846892;0.212096655748409;0.9951;3.82890547662231;0.00381708100497144;0.139418883706582
20180706;155;17586.01;0.1;0.25;0.25;0.145;0.106940383748099;0.512873725223557;0.20851211221921;0.9884;3.28100140102597;0.00474317365471287;0.173244417738387
20180706;157.5;19630.49;0.25;0.35;0.35;0.28;0.197290569023575;0.737991692894867;0.267334403521099;0.9738;3.15684851055056;0.0078391646789453;0.286325489898477
20180706;160;21757.78;0.45;0.6;0.6;0.495;0.307807308273607;1.07333875682739;0.286775546224972;0.9363;2.93866078063412;0.0110346598069019;0.40304094944709
20180706;162.5;24043.38;0.8;1.05;0.95;0.875;0.441100020635375;1.57145861472322;0.280694646682163;0.8576;3.04705041688641;0.0143098855525135;0.522668569805556
20180706;165;26592.39;1.55;1.8;1.75;1.625;0.663567193110116;2.25006142022292;0.294910702057358;0.7047;3.25578329458139;0.0194635536943423;0.710906298685852
20180713;142;11232.02;0.1;0.15;0.1;0.115;0.104141292994352;0.303336575557013;0.343319274318038;0.9977;4.72117695897721;0.00723202135818801;0.155382105945775
20180713;143;11332.96;0.15;0.15;0.15;0.15;0.136535692413642;0.340845695831794;0.400579189009392;0.9972;4.8086812808421;0.00939717779667808;0.201901128837451
20180713;144;11421.81;0.15;0.15;0.15;0.15;0.13341878541137;0.382085266113309;0.349185894469439;0.9964;4.60589294128624;0.00911122253135608;0.195757295857518
20180713;145;11510.74;0.05;0.2;0.15;0.095;0.0746022058065007;0.427511828978911;0.174503255230818;0.9959;4.97507175451202;0.00505525453003635;0.108613630417399
20180713;146;11577.46;0.1;0.2;0.2;0.13;0.105213763286956;0.477125644900585;0.220515841920169;0.9952;5.16379931521742;0.00708849223956084;0.152298340617623
20180713;147;11697.86;0.1;0.2;0.2;0.13;0.100153537977182;0.530952761706262;0.188629846571152;0.9945;5.42662945869421;0.00667812400064643;0.143481458308006
20180713;148;12099.1;0.15;0.25;0.25;0.18;0.143804599332771;0.589366680256642;0.24399852273656;0.9932;5.32285303929833;0.00927073811106294;0.199184535003867
20180713;149;12904.73;0.15;0.25;0.25;0.18;0.13631431797899;0.652971462390727;0.208759993093576;0.9916;5.20067643107259;0.00823924003242318;0.177022495402504
20180713;150;13675.13;0.2;0.25;0.3;0.215;0.161742783552854;0.72245680932579;0.223878827723688;0.9891;4.88598316028862;0.00922546046518214;0.198211731465163
20180713;152.5;15744.94;0.3;0.4;0.35;0.33;0.240175166425731;0.930260358226355;0.258180588156687;0.9804;4.5828996721566;0.0118982117310114;0.255636578514818
20180713;155;17786.08;0.4;0.6;0.55;0.46;0.307175571742895;1.20037595213811;0.255899471491206;0.9655;4.4296935726697;0.0134710372358304;0.289429197081591
20180713;157.5;19802.44;0.6;0.9;0.8;0.69;0.420062325236073;1.55558795524807;0.270034441844908;0.9372;4.29837061725998;0.016545870795929;0.355492900483122
20180713;160;22142.11;0.9;1.2;1.05;0.99;0.507384587073537;2.02251978973458;0.250867551283699;0.8886;4.33227480185334;0.0178736343518011;0.384020290999727
20180713;162.5;24491.59;1.4;1.75;1.5;1.505;0.651530705368434;2.61759664381;0.248904164401781;0.8073;4.42900516155457;0.0207497328751371;0.445814113684931
20180713;165;27033.45;2.2;2.55;2.25;2.305;0.824821637658305;3.33052945832045;0.247654809236923;0.6823;4.65904426295781;0.0237986967025473;0.511321998270906
20180720;115;9026.56;-1;0.05;-1;0.015;0.015;0;∞;1;0;0.00129617484401588;0.0197261609073667
20180720;120;9421.69;-1;0.1;-1;0.03;0.0296244764944336;0.0375523505566405;0.788884745037486;0.9999;3.75523505566404;0.00245254213051567;0.0373246255487854
20180720;125;9822.23;-1;0.1;-1;0.03;0.0280997144386533;0.10710956749988;0.262345513053116;0.9995;3.80057112269348;0.00223144614432258;0.0339598210089092
20180720;130;10213.79;0.05;0.1;0.05;0.065;0.059512083847669;0.218692326279799;0.272126987078313;0.9991;6.0976846137011;0.00454477969501838;0.069165865983561
20180720;135;10642.06;0.15;0.15;0.15;0.15;0.137523204389274;0.365539209325232;0.376220117790196;0.998;6.23839780536305;0.0100796367830696;0.15339947229234
20180720;140;11107.46;0.05;0.2;0.25;0.095;0.0657851852246773;0.573929348667597;0.114622445040318;0.9951;5.96220709700464;0.00461963801582435;0.0703051160533267
20180720;145;11587.81;0.2;0.3;0.45;0.23;0.166707576999788;0.878861791919523;0.189685771451824;0.9908;6.87961119567527;0.0112214396041905;0.170776283976274
20180720;150;13836.97;0.35;0.5;0.65;0.395;0.258322536929552;1.30512598735389;0.197929195673511;0.9773;6.02103361543826;0.0145618281173588;0.221612821661054
20180720;152.5;15903.75;0.45;0.65;0.75;0.51;0.301466846266888;1.58952488784619;0.189658462457531;0.9631;5.65130497921712;0.014785452493165;0.225016105130355
20180720;155;18024.83;0.6;1.3;1.1;0.81;0.483851510870402;1.94387563604874;0.248910733741133;0.9422;5.6427074243875;0.0209380159745703;0.318650430612992
20180720;157.5;20205.41;0.9;1.65;1.4;1.125;0.616330182639815;2.38300426512844;0.258635786623989;0.9095;5.62066096530591;0.0237925160864865;0.362092354191217
20180720;160;22502.03;1.3;1.65;1.75;1.405;0.605664845658658;2.91758466885394;0.20759118051459;0.8559;5.54708642846178;0.020994487146882;0.31950985126661
20180720;162.5;24938.7;1.85;2.2;2.45;1.955;0.697812231784702;3.55372588593633;0.196360736360183;0.7761;5.61495206884903;0.0218252571622445;0.332153132437909
20180720;165;27583.04;2.7;3.1;3.3;2.82;0.880835314818703;4.28189670573174;0.20571148146559;0.6733;5.93561274925405;0.0249084780197755;0.379075899863458
20180727;143;11496.3;0.3;0.55;0.35;0.375;0.274868887266842;1.11806127898159;0.245844205889333;0.9839;6.21932377224583;0.0186492812529368;0.219730644439844
20180727;144;11625.49;0.35;0.6;0.4;0.425;0.307394272879749;1.20981724843912;0.254083228914402;0.9816;6.39161560436145;0.0206242947906888;0.243000763622551
20180727;145;11762.22;0.35;0.65;0.5;0.44;0.302147438627235;1.30895535342768;0.230830973597396;0.9779;6.23767246030611;0.0200366089164497;0.236076496991396
20180727;146;11888.05;0.4;0.7;0.55;0.49;0.328285643262451;1.41604326051027;0.23183306076691;0.9742;6.26799832316079;0.0215395125142233;0.253784095026453
20180727;147;12013.87;0.45;0.75;0.6;0.54;0.350334562142697;1.53169842693861;0.228722936565853;0.9703;6.38604167869706;0.0227454565823755;0.267992839248795
20180727;148;12443.53;0.65;0.85;0.65;0.71;0.487135790141315;1.65649481638871;0.294076253859527;0.9637;6.1395099134624;0.0305352192111262;0.35977383280206
20180727;149;13275.85;0.55;0.9;0.75;0.655;0.393174788245707;1.79134095111565;0.219486294890338;0.9582;6.26376104675343;0.0231003163512431;0.272173888622308
20180727;150;14108.17;0.6;1.05;0.8;0.735;0.427733796432136;1.93673497666103;0.220853034404097;0.9501;6.15763935005739;0.0236481670703618;0.278628807175795
20180727;152.5;16200.9;0.8;1.2;0.95;0.92;0.461361664433683;2.3508042570164;0.196256946130953;0.9285;6.41452217575269;0.022212475742599;0.261713121451106
20180727;155;18415.06;1.05;1.5;1.25;1.185;0.505521965402403;2.84305081232625;0.177809683601389;0.8931;6.35620238164263;0.021412210061432;0.252284184675421
20180727;157.5;20648.29;1.4;2;1.6;1.58;0.574895677674847;3.41994790218263;0.168100712092119;0.8452;6.49292197884466;0.0217169861807627;0.255875135565277
20180727;160;23085.92;1.85;2.55;2.2;2.06;0.597404326385931;4.08341541626399;0.146300159422063;0.7838;6.76501236639255;0.0201843970082642;0.237817774428016
20180727;162.5;25561.3;2.5;3.3;2.9;2.74;0.64513813307728;4.82087840726839;0.133821697743841;0.7086;7.18895630378422;0.0196863126601651;0.231949216100816
20180727;165;28283.48;3.3;4.2;3.85;3.57;0.639926279023936;5.61427194047713;0.113982059616719;0.6231;7.77414094183089;0.0176478459382887;0.20793147512774
20180803;143;11644.49;0.4;0.6;0.55;0.46;0.30553081129236;1.57419225729179;0.194087354881283;0.9776;6.89594592444821;0.0204658196973883;0.196714227486081
20180803;144;11743.62;0.4;0.75;0.55;0.505;0.326405279633624;1.67406754197408;0.194977365876602;0.9734;6.71408723181863;0.0216795262546154;0.208380183276271
20180803;145;11842.76;0.45;0.75;0.6;0.54;0.3332508143131;1.78227679693158;0.186980392095567;0.9703;6.96125204332998;0.0219489067720884;0.210969426276455
20180803;146;11941.89;0.5;0.8;0.6;0.59;0.350674388306325;1.89922551846055;0.184640731128429;0.9646;6.76061049982132;0.0229047514990453;0.220156854869113
20180803;147;12071.09;0.55;0.85;0.7;0.64;0.362613387309307;2.02566210827125;0.179009809103242;0.9596;6.86600526462111;0.0234310606665396;0.225215655485621
20180803;148;12504.12;0.6;1;0.75;0.72;0.398414197745398;2.16208887343738;0.18427281257499;0.9523;6.74184071812582;0.0248528544384899;0.238881712727854
20180803;149;13339.74;0.8;1;0.8;0.86;0.487316308212911;2.30919922923997;0.211032596080202;0.9457;6.8634197382521;0.0284943125132926;0.273882832775793
20180803;150;14175.44;0.75;1.05;0.85;0.84;0.409216072370206;2.46738791614494;0.165849913462156;0.9381;6.95935262729877;0.0225170108616566;0.216429953084738
20180803;152.5;16316.21;1;1.3;1.1;1.09;0.473021918735964;2.91288873697677;0.162389284812473;0.9112;6.94795136558599;0.0226129166402033;0.217351784285112
20180803;155;18502.27;1.25;1.65;1.4;1.37;0.489033969904593;3.4345560840466;0.142386368991364;0.8749;7.04209456511117;0.0206161998784788;0.198159658042484
20180803;157.5;20781.57;1.7;2.1;1.8;1.82;0.569016036698725;4.03619424299696;0.140978357938546;0.8295;7.33714934487552;0.0213570249324284;0.20528035148867
20180803;160;23064.33;-1;-1;-1;-1;-2.74652341815775;4.71586429418951;-0.582400859486517;0.7701;7.59688307158655;-0.0928831778839031;-0.892778440055148
20180803;162.5;25772.43;-1;-1;-1;-1;-3.41175447043757;5.45846147675807;-0.625039580285525;0.6968;7.95433532466218;-0.103256405660673;-0.992484267567393
20180803;165;28245.54;-1;-1;-1;-1;-4.26298951781039;6.25091721228922;-0.681978239838053;0.6204;8.59586279718227;-0.117722366925614;-1.13152880314685
20180817;125;10007.63;0.15;0.4;0.35;0.225;0.190615291581704;0.892757024199577;0.213513068410304;0.9964;9.55130789397115;0.0148566571139949;0.104353730978589
20180817;130;10488.13;0.2;0.4;0.55;0.26;0.201591299223404;1.11677861473573;0.180511425060827;0.9935;8.98595396563021;0.014992302097157;0.105306506557434
20180817;135;10947.64;0.3;0.5;0.7;0.36;0.254817399643831;1.42487900349795;0.178834412619091;0.9872;8.21739065282567;0.0181552893337914;0.12752345056091
20180817;140;11451.4;0.5;0.65;0.85;0.545;0.353120714406474;1.85674505606436;0.190182660378245;0.9778;8.64321106277144;0.0240524440013492;0.168945291759477
20180817;145;12032.18;0.7;0.9;1.05;0.76;0.411822399084634;2.44513977217696;0.168424890785683;0.9571;8.11602799336518;0.0266968638506085;0.18751979848913
20180817;150;14461.31;1.05;1.3;1.2;1.125;0.470222708977425;3.24473437168746;0.144918706776259;0.9186;8.0439470641594;0.025362412741473;0.17814656257352
20180817;155;18931.85;1.7;2.05;1.95;1.805;0.591516624916151;4.30670268761645;0.137347912735422;0.8521;8.20475574769337;0.0243707280289352;0.171180931010935
20180817;160;23731.08;2.75;3.1;3.4;2.855;0.679649998645931;5.64280168774951;0.120445487234018;0.7569;8.94837515982751;0.0223389326968611;0.156909522452471
20180817;165;29045.16;4.4;4.9;4.95;4.55;0.853677666321086;7.19320440986657;0.118678354969329;0.6279;9.9336800152618;0.0229252853050369;0.161028085724322
20180921;90;7103.45;0.05;0.1;0.05;0.065;0.0530811758679245;0.474789138016511;0.111799473951063;0.9992;14.8985301650944;0.00582862090631751;0.0244701584601433
20180921;95;7520.09;0.1;0.2;0.1;0.13;0.113653463752348;0.60525307369272;0.187778416487726;0.9991;18.1628180529467;0.0117883830814301;0.04949088414359
20180921;100;7972.04;0.15;0.15;0.15;0.15;0.12847247904046;0.744390680309532;0.172587436192831;0.9987;16.5596315073388;0.0125699988524341;0.0527723227684085
20180921;105;8367.08;0.05;0.15;0.15;0.08;0.0487673256753107;0.900523291216685;0.0541544301529635;0.9974;12.0125670479574;0.00454621134574336;0.0190862493566984
20180921;110;8759.78;0.1;0.2;0.2;0.13;0.0834432297741461;1.09213662934387;0.0764036545723008;0.9963;12.5829108718524;0.00743006322348666;0.0311934550848104
20180921;115;9197.14;0.15;0.25;0.25;0.18;0.111896390220336;1.32629958295986;0.0843673568611249;0.9952;14.18825203743;0.00948981796209062;0.0398408736856735
20180921;120;9651.56;0.25;0.35;0.3;0.28;0.18366731724134;1.6028742065819;0.114586232960232;0.9934;14.5958610240394;0.014843248909839;0.0623160536128584
20180921;125;10117.71;0.35;0.45;0.4;0.38;0.238527234562894;1.93169900972546;0.123480538822037;0.9891;12.9791527923951;0.0183886712466613;0.0772007146303796
20180921;130;10609.44;0.45;0.55;0.55;0.48;0.272182561323808;2.33097496790116;0.116767689517011;0.9832;12.3700856354876;0.0200107072411523;0.0840104691934582
20180921;135;11134.84;0.6;0.75;0.75;0.645;0.334073549745965;2.81745916779886;0.118572632236924;0.9743;12.0983054573554;0.0234019859110551;0.0982479925748607
20180921;140;11728.03;0.85;1;1;0.895;0.417660087841829;3.41641312259409;0.122251048937752;0.9569;11.0751719758276;0.0277774586624204;0.116617434212058
20180921;145;12422.74;1.2;1.35;1.35;1.245;0.484468654355633;4.17109531206198;0.116149025162443;0.9301;10.880276761722;0.0304188569025347;0.127706752685641
20180921;150;14975.25;1.8;1.95;1.9;1.845;0.639376749088741;5.11753837413761;0.124938339948743;0.8901;10.9701842667085;0.0333025401438519;0.139813250431516
20180921;155;19584.95;2.6;2.85;2.85;2.675;0.769560320875148;6.27019248910045;0.122733125372608;0.8282;11.09103422075;0.0306488936802297;0.128672510536827
20180921;160;24541.87;3.9;4.2;4;3.99;1.03046160507361;7.62683521052104;0.135109986859571;0.7457;11.637980318232;0.0327505626896978;0.137495896809335
20180921;165;29896.82;5.7;6;5.85;5.79;1.32787768127331;9.15156389941434;0.145098443923697;0.6508;12.7781280605003;0.0346439718803932;0.145444950911651
