Expiry;Strike;ReqMar;Bid;Ask;Last/Close;Premium;E[PnL];S[PnL];Sharpe;Prob(%);LGL;E[Return](%);Ann[Return](%)
20180706;31;2434.21;-1;0.02;-1;0.006;0.00589551502808898;0.010448497191102;0.564245261329028;0.9999;1.0448497191102;0.00188911462934973;0.0689999118369988
20180706;32;2514.5;0.01;0.03;0.01;0.016;0.0157752488851924;0.0205484771645326;0.76770890411388;0.9998;1.12375557403792;0.00489349537898194;0.178734918717315
20180706;33;2672.91;0.02;0.03;0.02;0.023;0.0222097671733868;0.0357523735028824;0.621210985379648;0.9989;0.718393478739266;0.00648118282891744;0.236725202826209
20180706;34;3477.3;0.02;0.05;0.08;0.029;0.0247908843193388;0.0716773018762148;0.345867989871496;0.9923;0.546638400085869;0.00556089200502812;0.203111580483652
20180706;35;4309.72;0.07;0.1;0.11;0.079;0.0565601539603204;0.163727335958878;0.345453333306089;0.9647;0.635689689509338;0.0102366093595523;0.373892156857649
20180706;35.5;4747.94;0.12;0.15;0.17;0.129;0.0803736185814352;0.242552572273152;0.331365764659557;0.9248;0.646627412480915;0.0132039205410177;0.482273197760671
20180706;36;5209.04;0.21;0.24;0.25;0.219;0.116748521633665;0.350983344106785;0.332632655064522;0.8537;0.698916461834144;0.0174818866574759;0.638525910164308
20180706;36.5;5705.82;0.33;0.37;0.38;0.342;0.141581598571131;0.490290580954123;0.288770790366006;0.7463;0.789981873980565;0.0193545619885454;0.706925376631619
20180706;37;6252.95;0.53;0.56;0.56;0.539;0.177210488286241;0.651749152655543;0.271899836868524;0.5996;0.903570209075322;0.0221054351727214;0.807401019683647
20180713;31;2439.46;-1;-1;-1;-1;-1.0002017139263;0.0125535004894704;-79.6751244615193;0.9997;0.672379754327556;-0.319807390513684;-6.87115584618372
20180713;32;2525.13;-1;-1;-1;-1;-1.00069356986473;0.0313242926699136;-31.946246333788;0.999;0.693569864729827;-0.309109227839553;-6.64130267461156
20180713;33;2699.27;0.02;0.04;0.07;0.026;0.0229726572688355;0.0643890769401222;0.356778794797736;0.9956;0.688032438901019;0.00663834024372949;0.142626692589541
20180713;34;3514.64;0.06;0.08;0.11;0.066;0.0530637302544927;0.133552308797247;0.397325442984677;0.9822;0.726756727275692;0.0117763724303213;0.253018825304402
20180713;35;4373.7;0.14;0.18;0.21;0.152;0.10322673086902;0.26505310891683;0.389456782042163;0.9374;0.779125704967739;0.0184093216447939;0.395529690044764
20180713;36;5315.03;0.33;0.37;0.39;0.342;0.180797331142479;0.487540381665984;0.370835602426763;0.8228;0.909721607548086;0.0265326664743442;0.570062142926719
20180713;37;6383.53;0.68;0.72;0.75;0.692;0.255924587790089;0.797744295296401;0.320810301369815;0.6187;1.14365437243617;0.0312712838314019;0.671872730554092
20180720;23;1962.3;-1;-1;-1;-1;-1;0;-∞;1;0;-0.397492738113438;-6.04934260816389
20180720;24;1962.3;-1;0.02;-1;0.006;0.006;0;∞;1;0;0.00238495642868063;0.0362960556489833
20180720;25;1962.3;-1;0.02;-1;0.006;0.006;0;∞;1;0;0.00238495642868063;0.0362960556489833
20180720;26;2041.1;-1;0.02;-1;0.006;0.006;0;∞;1;0;0.00229288128950076;0.0348947871245897
20180720;27;2120.69;-1;0.02;-1;0.006;0.006;0;∞;1;0;0.00220682890945871;0.0335851774658248
20180720;28;2202.16;0.01;0.03;0.01;0.016;0.0158384960424564;0.0109950636432441;1.44050971930374;0.9997;0.538346525145313;0.00560995881912123;0.0853765607785012
20180720;29;2288.11;0.02;0.03;0.02;0.023;0.0220777593070569;0.0317514491962965;0.69533076019825;0.9986;0.658743352102186;0.00752614702068712;0.114538549971082
20180720;30;2375.16;-1;-1;-1;-1;-1.00307477015123;0.0679287724040491;-14.7665670179466;0.9961;0.788402602879393;-0.329408680138584;-5.01318835085907
20180720;31;2471.59;-1;-1;-1;-1;-1.00995323250605;0.127779681802595;-7.90386404363027;0.9887;0.880817035933447;-0.318727427022571;-4.85063302999976
20180720;32;2582.21;-1;-1;-1;-1;-1.02760768399804;0.225376062200082;-4.55952452965376;0.9744;1.07842515617361;-0.310406199928927;-4.72399435516836
20180720;33;2784.91;-1;-1;-1;-1;-1.06916848496151;0.371056642635329;-2.88141583281742;0.9382;1.11923114824452;-0.299453633428003;-4.55730998373242
20180720;33.5;3224.76;0.2;0.21;0.22;0.203;0.0964943467331006;0.466736408319455;0.206742703189882;0.9117;1.20617953869648;0.0233399045050852;0.355204171686765
20180720;34;3664.49;0.26;0.27;0.29;0.263;0.105224865004512;0.578933740710836;0.181756317873809;0.8801;1.31588936610082;0.0223974945227083;0.340861869767467
20180720;34.5;4129.47;0.35;0.36;0.38;0.353;0.126282156999729;0.706630522252558;0.178710306196757;0.842;1.43492305696374;0.0238529599342745;0.36301223399974
20180720;35;4606.36;0.47;0.48;0.49;0.473;0.156843859667165;0.848761698170716;0.184791396696153;0.799;1.57291612105888;0.0265585430883363;0.404187827625618
20180720;35.5;5112.77;-1;-1;-1;-1;-1.42890298852193;1.00343254244947;-1.42401499659743;0.7496;1.71287135991187;-0.217992268583783;-3.31756983750944
20180720;36;5630.52;0.77;0.78;0.79;0.773;0.205201736768144;1.16810655467703;0.175670392351219;0.6928;1.84830163812453;0.0284267447196977;0.4326195212029
20180720;36.5;6176.14;0.96;0.97;0.98;0.963;0.226611762220387;1.33952291579937;0.169173486729904;0.6335;2.00924485069471;0.0286193600747234;0.435550886137196
20180720;37;6749.11;1.19;1.2;1.19;1.193;0.257133000745822;1.51471304974849;0.169756905962167;0.5717;2.18507354483815;0.0297170650029027;0.452256583012926
20180727;33;2860.28;0.22;0.25;0.27;0.229;0.15114921120782;0.399503850531953;0.378342313863959;0.9351;1.19954990434791;0.0412184767722391;0.485646730356784
20180727;34;3764.81;0.37;0.4;0.43;0.379;0.211442120756787;0.611531755006321;0.345758203111794;0.8812;1.4104198589496;0.0438069528582569;0.516144823596075
20180727;35;4735.03;0.59;0.63;0.66;0.602;0.275871736224926;0.881182756717275;0.313069830431825;0.8027;1.65295622795273;0.0454442641874374;0.535436048208436
20180727;36;5779.85;0.92;0.95;0.97;0.929;0.358164609261505;1.1992152550153;0.298665821472506;0.7065;1.94492467031855;0.0483348867572643;0.569494109293251
20180727;37;6899.43;1.35;1.39;1.39;1.362;0.440696657924968;1.54555377542282;0.285138352953397;0.593;2.26364457512293;0.0498219988001146;0.587015647152963
20180803;33;2882.19;0.27;0.29;0.31;0.276;0.182680389585129;0.446695588279556;0.408959466756143;0.9275;1.28716704020512;0.0494383451043826;0.475193567088835
20180803;34;3797.48;0.43;0.45;0.48;0.436;0.243278498777239;0.669117004374748;0.363581402335708;0.8711;1.49512413671653;0.0499692504098103;0.480296545057453
20180803;35;4777.12;0.66;0.69;0.71;0.669;0.308410005115293;0.946163547292811;0.325958451895261;0.7918;1.73194041731367;0.0503566592402805;0.484020257566117
20180803;36;5824.08;0.97;1.02;1.03;0.985;0.370280418799222;1.26776032286362;0.292074465592069;0.6995;2.04565584426216;0.0495904463303033;0.476655540056403
20180803;37;6944.96;1.41;1.45;1.45;1.422;0.456451197059636;1.61739643876677;0.282213553906221;0.5967;2.39412051311769;0.0512647925555389;0.49274909160291
20180817;29;2337.16;-1;-1;-1;-1;-1.00309981914503;0.0638088580990877;-15.7203850535506;0.9962;0.815741880271534;-0.334772911967142;-2.35145780953843
20180817;30;2442.33;-1;-1;-1;-1;-1.00861961097304;0.122376698928877;-8.24192529951502;0.9915;1.01407187918138;-0.322119982377063;-2.26258314544658
20180817;31;2562.9;-1;-1;-1;-1;-1.02236239989059;0.20892060377879;-4.89354511426307;0.9797;1.10159605372353;-0.311148570726387;-2.18551952803487
20180817;32;2706.38;-1;-1;-1;-1;-1.05163914114968;0.334854955949039;-3.14058108582906;0.9594;1.27190002831714;-0.303090670968876;-2.12892053021889
20180817;33;2964.25;0.36;0.37;0.38;0.363;0.254286600467386;0.507517948005772;0.501039621291371;0.9251;1.45144725677722;0.0669118827239811;0.469991637787194
20180817;34;3892.72;0.54;0.55;0.57;0.543;0.333794906916158;0.730742431581404;0.456788729503213;0.868;1.58488706881698;0.0668838312014744;0.469794602814202
20180817;35;4875.34;-1;-1;-1;-1;-1.37497577649102;1.004962772531;-1.36818578167641;0.7984;1.85999889132451;-0.219980781989153;-1.54515347349112
20180817;36;5920.57;-1;-1;-1;-1;-1.61513659637283;1.32246994706459;-1.22130306246872;0.7186;2.18598648320125;-0.212784671943885;-1.49460771975969
20180817;37;7043.31;-1;-1;-1;-1;-1.94631056175442;1.66634461447626;-1.16801203355295;0.6206;2.49422920863051;-0.215541022355745;-1.51396843106608
20180921;25;2002.8;0.03;0.05;0.05;0.036;0.0357345126863967;0.0205539296266129;1.73857327214589;0.9998;1.32743656801652;0.0139169761810413;0.0584273051738542
20180921;26;2090.55;0.04;0.07;0.06;0.049;0.0485015601847366;0.034040656893141;1.42481269785688;0.9996;1.24609953815859;0.0180962985549709;0.075973253416128
20180921;27;2173.13;0.06;0.08;0.08;0.066;0.064821947315607;0.0519006178188068;1.24896292259777;0.9988;0.981710570327496;0.0232664952884427;0.0976791655644103
20180921;28;2273.55;0.08;0.11;0.11;0.089;0.0858878517998852;0.0817447158910208;1.05068383764876;0.9971;1.07315455176373;0.0294660440297818;0.123706581400894
20180921;29;2383.85;0.12;0.14;0.15;0.126;0.118681617029055;0.128616785184559;0.922753720354245;0.9937;1.16164809062625;0.0388328381746597;0.163030967164304
20180921;30;2506.78;0.19;0.2;0.2;0.193;0.176666959667157;0.197469799971965;0.894653054250517;0.9879;1.34983804403659;0.0549710100369329;0.230783464551606
20180921;31;2646.51;0.26;0.27;0.28;0.263;0.228302666167527;0.294857717547448;0.774280788939463;0.9749;1.38236389770807;0.0672871364969985;0.282489960983088
20180921;32;2814.21;0.38;0.39;0.39;0.383;0.312920688470906;0.429470485634601;0.728619774670949;0.9544;1.53682700721698;0.086730605394518;0.364119007130433
20180921;33;3092.14;0.53;0.54;0.56;0.533;0.40282520449519;0.606312224962649;0.664385753594207;0.9238;1.70833064966942;0.101613658989001;0.426602171790029
20180921;34;4043.97;0.74;0.75;0.78;0.743;0.51331260687094;0.826901699689683;0.620766176999727;0.8767;1.86283368312295;0.0990076171087653;0.415661289068695
20180921;35;5048.84;1.01;1.02;1.04;1.013;0.633289806805975;1.09177572614056;0.580054851599113;0.8209;2.12010158120617;0.0978375328409417;0.410748952530505
20180921;36;6110.18;1.36;1.37;1.39;1.363;0.769361777347722;1.39469438046079;0.551634672173508;0.7485;2.36039054732516;0.0982135037480439;0.412327382114633
20180921;37;7229.85;1.79;1.8;1.81;1.793;0.906723980038573;1.72571583895592;0.52541905194957;0.6653;2.64797137723761;0.0978228738397183;0.410687409999507
20181019;25;2013.19;0.04;0.08;0.08;0.052;0.0503126633721302;0.051719601789395;0.972796804913659;0.9984;1.05458539241863;0.0194933798748561;0.0619126695590538
20181019;26;2106.51;0.07;0.1;0.1;0.079;0.0755039396937811;0.0881310679929559;0.856723303294315;0.9978;1.5891183210086;0.0279576517373045;0.0887959330178301
20181019;27;2212.14;0.1;0.14;0.13;0.112;0.1057239270175;0.131342343025409;0.804949299534323;0.9956;1.42638022329556;0.0372782297113427;0.118398899148417
20181019;28;2326.82;0.14;0.17;0.17;0.149;0.136469131111573;0.187500674717387;0.727832746827539;0.9908;1.36205096613338;0.0457473815194243;0.145297661738867
20181019;29;2456.27;0.2;0.23;0.23;0.209;0.1838765957209;0.266512151518112;0.689937005399184;0.9832;1.49544073089883;0.0583908709801047;0.185454483699854
20181019;30;2601.92;0.28;0.32;0.32;0.292;0.244116674244646;0.374318413863961;0.652163145608342;0.9701;1.60144902191819;0.0731809609483858;0.232429095533895
20181019;31;2767.06;0.39;0.42;0.43;0.399;0.311543994984236;0.516454128294432;0.603236527536525;0.95;1.74912010031528;0.0878204000230223;0.278925227029643
20181019;32;2968.18;0.53;0.58;0.58;0.545;0.395406991006204;0.696207745931284;0.567943969766217;0.9225;1.9302323741135;0.103907934486736;0.330020635402436
20181019;33;3278.36;0.71;0.77;0.78;0.728;0.484338199808409;0.913983303066426;0.529920183643889;0.8874;2.16395914912603;0.115235604341976;0.365998299877448
20181019;34;4256;0.96;1.01;1.03;0.975;0.598477659153257;1.16886560949134;0.512015799159068;0.8459;2.44336366545583;0.1096834055779;0.34836403380285
20181019;35;5284.2;1.25;1.32;1.34;1.271;0.714071102777624;1.45688407193717;0.490135843017452;0.7928;2.68788077810027;0.105403932509471;0.334772055209429
20181019;36;6367.96;1.62;1.69;1.71;1.641;0.843261567242672;1.77180584986178;0.47593339152168;0.7259;2.91039194730875;0.103289597052947;0.328056741944251
20181019;37;7490.09;2.05;2.13;2.13;2.074;0.968475183520871;2.10836856029452;0.459348143279837;0.6563;3.21654005376529;0.100854681738975;0.32032323917531
