Expiry;Strike;ReqMar;Bid;Ask;Last/Close;Premium;E[PnL];S[PnL];Sharpe;Prob(%);LGL;E[Return](%);Ann[Return](%)
20180706;90;7068;0.01;0.03;0.01;0.016;0.0143312758649361;0.0624238614894539;0.229580092019096;0.9989;1.51702194096717;0.00158154996811689;0.0577661125854693
20180706;91;7149.79;0.02;0.03;0.02;0.023;0.0201220677425207;0.0916211864721374;0.219622431419177;0.9986;2.05566589819953;0.00219519913720069;0.0801796484862552
20180706;92;7233.98;0.04;0.04;0.04;0.04;0.0356049970905912;0.124879348338535;0.285115173680036;0.9983;2.58529582906398;0.00383908964783717;0.140222749387253
20180706;93;7322.29;0.02;0.05;0.04;0.029;0.0224762379823954;0.162288718282421;0.138495381689325;0.9975;2.60950480704185;0.0023942599413938;0.0874503443594084
20180706;94;8099.84;0.04;0.06;0.06;0.046;0.0359803150805836;0.20634633608539;0.174368567735045;0.9957;2.3301592835852;0.00346483952310851;0.126553263581538
20180706;95;8901.3;0.05;0.08;0.08;0.059;0.0437442087908083;0.259547754851596;0.168540116310466;0.9936;2.3837173764362;0.0038332022128038;0.140007710822659
20180706;96;9707.17;0.08;0.11;0.12;0.089;0.0658754908656754;0.323810186167493;0.203438599771536;0.9897;2.24509797420628;0.00529329174983304;0.193337481162652
20180706;97;10521.85;0.12;0.15;0.16;0.129;0.0923707863986701;0.40349662271101;0.228925798134443;0.9832;2.18031033341249;0.00684758035810838;0.250107872579909
20180706;97.5;10930.88;0.14;0.17;0.18;0.149;0.102794952559334;0.450835041167184;0.228010121602803;0.9787;2.16925105355238;0.00733518829191069;0.267917752362038
20180706;98;11347.85;0.17;0.22;0.2;0.185;0.126492414024457;0.504063113665541;0.250945587159921;0.9721;2.09704609231336;0.00869451772265906;0.317567259820122
20180706;99;12197.96;0.25;0.29;0.29;0.262;0.167522089609435;0.631416901166255;0.265311380325763;0.9543;2.06735033677385;0.0107122199036035;0.391263831979118
20180706;99.5;12630.54;0.29;0.35;0.35;0.308;0.187691256784188;0.707157887091533;0.265416338006414;0.9423;2.08507353926884;0.0115908884569992;0.423357200891896
20180706;100;13069.09;0.36;0.42;0.4;0.378;0.225249440828743;0.791906826581908;0.284439321985621;0.9272;2.09822196663815;0.0134435193151489;0.491024542985813
20180706;101;13978.64;0.52;0.57;0.6;0.535;0.289427185117241;0.990726487122148;0.292136314996449;0.8841;2.11883360554581;0.0161498689709048;0.589873964162296
20180706;102;14938.88;0.74;0.81;0.86;0.761;0.369610015165746;1.23095686667159;0.300262361072929;0.8221;2.20005612610598;0.0192983551530825;0.70487242196634
20180706;103;15962.14;1.06;1.13;1.11;1.081;0.471393162165791;1.51123355504757;0.311926082233498;0.7381;2.32763206504089;0.023034923042231;0.841350564117487
20180706;104;17059.32;1.47;1.53;1.52;1.488;0.5631588587221;1.82104432887348;0.309250494231778;0.6282;2.48746944937574;0.0257492039426682;0.940489674005956
20180713;90;7115.19;0.05;0.08;0.08;0.059;0.0489777495025299;0.222905663785526;0.21972411409723;0.9961;2.56980781986414;0.00536916717782284;0.115358135982341
20180713;95;9032.4;0.21;0.26;0.24;0.225;0.16117189960678;0.58299165684235;0.276456614284557;0.9761;2.6706318156159;0.0139181260454905;0.299035031653848
20180713;97;10724.99;0.38;0.43;0.37;0.395;0.260153644769676;0.840530265176519;0.309511335341436;0.951;2.75196643327192;0.0189202827154475;0.406507838930423
20180713;97.5;11159;0.43;0.47;0.43;0.442;0.279984663906077;0.920003876875167;0.304329873975159;0.9397;2.6868214940949;0.0195705742312699;0.420479543410077
20180713;98;11593.73;0.48;0.54;0.49;0.498;0.302934809020152;1.00630690868088;0.30103620118961;0.9277;2.69799710898822;0.0203807705575098;0.43788684977238
20180713;98.5;12044.61;0.55;0.61;0.55;0.568;0.333997943255074;1.09998397394058;0.303638917627644;0.9143;2.73047907520334;0.0216294587984964;0.464715283891224
20180713;99;12496.62;0.61;0.69;0.62;0.634;0.35380409197019;1.20113496201967;0.294558149714733;0.9002;2.80757422875561;0.022083346675881;0.474467198433267
20180713;99.5;12955.51;0.71;0.8;0.71;0.737;0.402589932623054;1.30995422371362;0.307331298556176;0.8814;2.81964643656784;0.0242383470389033;0.520768015056437
20180713;100;13429.1;0.8;0.89;0.81;0.827;0.428916997009335;1.42650205554498;0.300677447566292;0.8637;2.92063831981412;0.0249127087941322;0.535256875709223
20180713;101;14398.08;1.04;1.12;1.03;1.064;0.506546404041724;1.68241337790352;0.301083200297028;0.8165;3.03789425590341;0.0274415890974731;0.589590612814826
20180713;102;15410.58;1.34;1.44;1.32;1.37;0.600922996535397;1.96647994102209;0.305583079694707;0.7591;3.19251558100707;0.0304154637461802;0.653485184311313
20180713;103;16473.49;1.7;1.8;1.65;1.73;0.686876100202586;2.27411173739072;0.302041491149726;0.6923;3.39006792264353;0.0325227597890925;0.698761059586237
20180713;104;17598.49;2.13;2.23;2.07;2.16;0.772942347882485;2.59877626491808;0.297425506888278;0.6173;3.62439940454015;0.0342583387181706;0.736050483341871
20180720;70;5494.28;-1;0.03;-1;0.009;0.009;0;∞;1;0;0.00127769243649759;0.0194448817679478
20180720;75;5887.55;-1;0.03;-1;0.009;0.00889429229759892;0.0105707702401082;0.84140437220475;0.9999;1.05707702401082;0.00117834209342208;0.0179328937342673
20180720;80;6285.84;-1;0.05;-1;0.015;0.0138234821240333;0.0743003796777591;0.186048606803703;0.9995;2.35303575193344;0.00171533415689008;0.0261052417001709
20180720;85;6700.94;0.03;0.07;0.04;0.042;0.0335102976363288;0.212874367460803;0.157418190062264;0.9976;3.537375984863;0.00390065157371003;0.0593630411373995
20180720;90;7158.61;0.12;0.14;0.13;0.126;0.0924906571379661;0.476643461231622;0.194045790325068;0.9907;3.60315514645526;0.0100777542801764;0.153370822951435
20180720;95;9129.45;0.35;0.38;0.36;0.359;0.21287351160483;0.984582497655107;0.216206881710585;0.9584;3.51265597103774;0.0181874416368749;0.27679012741119
20180720;96;9982.93;0.44;0.48;0.42;0.452;0.257320642585555;1.13643947385695;0.22642705441429;0.9446;3.51406782336544;0.0201053299198464;0.305977989717663
20180720;97;10849.83;0.55;0.58;0.53;0.559;0.299890056922044;1.30871121320641;0.229149146042158;0.9252;3.46403667216518;0.0215592543292563;0.328104901823369
20180720;98;11747.86;0.69;0.73;0.66;0.702;0.356565956525201;1.50373012766948;0.237120976672734;0.9015;3.50694460380507;0.0236742220361544;0.360292066612725
20180720;99;12667.9;0.85;0.91;0.83;0.868;0.408017913419602;1.7231315511741;0.236788603366696;0.8695;3.52476694697623;0.0251228674419035;0.38233863888147
20180720;100;13617.11;1.06;1.13;1.04;1.081;0.474030406669027;1.96810156113992;0.240856679364895;0.8341;3.65864733773944;0.0271528773140439;0.413232851623106
20180720;101;14616.17;1.34;1.4;1.32;1.358;0.56355694566499;2.23706431038854;0.251918079890653;0.7886;3.75800877168879;0.030074528253208;0.45769672685351
20180720;102;15653.56;1.65;1.72;1.61;1.671;0.640164418121419;2.52785066928029;0.253244555108028;0.7377;3.92998696865643;0.0318987020291044;0.485458371505432
20180720;103;16730.9;2.04;2.1;1.96;2.058;0.736593533091567;2.83714076060983;0.259625304221156;0.6804;4.13456341335555;0.0343402301018727;0.522615376862875
20180720;104;17856.39;2.48;2.54;2.39;2.498;0.824309298129562;3.15892892027692;0.260945820223553;0.6162;4.36084080737477;0.0360073482120999;0.547986830602895
20180727;90;7212.86;0.18;0.22;0.22;0.192;0.127577286878619;0.719041577512321;0.177426856622117;0.9853;4.38249749125039;0.013796231143447;0.162550755649807
20180727;95;9228.6;0.45;0.52;0.47;0.471;0.249081735402833;1.31256478460136;0.189767193455888;0.9403;3.71722386259911;0.0210523539447164;0.248044267042183
20180727;97;10991.52;0.7;0.76;0.7;0.718;0.345603608280706;1.67331246105191;0.206538597138903;0.9055;3.94070255787612;0.0245253444891108;0.288963937891862
20180727;98;11898.34;0.86;0.93;0.83;0.881;0.403275262528328;1.8860031722168;0.213825336282081;0.8834;4.0971246781447;0.0264368562986178;0.311485863324843
20180727;98.5;12371.8;0.95;1.04;0.93;0.977;0.437263637516113;2.00052407304045;0.218574544245073;0.8691;4.1232724406714;0.0275679882686891;0.324813152101249
20180727;99;12845.7;1.05;1.13;1.03;1.074;0.465487364938384;2.12054971253196;0.219512592507245;0.8555;4.21116010423264;0.0282647224092061;0.333022253547179
20180727;99.5;13319.39;1.16;1.24;1.12;1.184;0.499368773765794;2.24593941466983;0.222342940554879;0.8394;4.26295906746081;0.0292436548173241;0.344556287807343
20180727;100;13815.31;1.29;1.37;1.22;1.314;0.544715789034732;2.37642494104293;0.229216492230415;0.8213;4.30489205912294;0.0307541644340294;0.362353501920298
20180727;101;14813.91;1.53;1.65;1.48;1.566;0.594678910999836;2.65118098102747;0.224307173012899;0.7755;4.32659727839717;0.031311757029702;0.368923201777375
20180727;102;15861.76;1.86;1.97;1.82;1.893;0.673690827801745;2.94424807350126;0.228815918694175;0.7293;4.50428212854915;0.0331286594731834;0.390330415244524
20180727;103;16942.46;2.26;2.37;2.16;2.293;0.777834756212972;3.25356995904554;0.239071163676823;0.6773;4.69527500398831;0.0358100954552124;0.421923785968269
20180727;104;18061.53;2.69;2.82;2.59;2.729;0.8645112196899;3.57433504906525;0.241866307389394;0.623;4.9455935817244;0.0373345309814906;0.439885078741595
20180803;90;7258.32;0.23;0.27;0.28;0.242;0.146298788694546;0.948584667240582;0.15422849825322;0.9788;4.51420808044596;0.0157216897548945;0.151114399551979
20180803;95;9333.57;0.58;0.65;0.6;0.601;0.30385311367415;1.60995049299967;0.18873444555926;0.9315;4.33791074928248;0.0253927948968977;0.244071535160312
20180803;97;11127.02;0.85;0.96;0.87;0.883;0.412076423278254;1.99254514648969;0.206809077327165;0.8924;4.37661316655898;0.0288864053589405;0.277651567298763
20180803;97.5;11585.21;0.94;1.02;0.94;0.964;0.43640699867651;2.10057479077545;0.207755991642366;0.8799;4.39294755473347;0.0293820706718029;0.282415824023053
20180803;98;12050.54;1.03;1.13;1.04;1.06;0.469251426025873;2.21370496012662;0.211975594976773;0.8675;4.45847980357832;0.0303734199712362;0.291944516960369
20180803;98.5;12533.86;1.12;1.22;1.14;1.15;0.489050091866017;2.33193125778569;0.209718914411911;0.8528;4.49014883243195;0.0304342853403096;0.292529545277581
20180803;99;13008.1;1.24;1.33;1.25;1.267;0.528326552537308;2.45527523077606;0.21518017447287;0.8377;4.55128433433575;0.0316798541661811;0.304501756163096
20180803;99.5;13503.64;1.36;1.45;1.35;1.387;0.562924481650446;2.58372981266067;0.217872812742273;0.8213;4.61150262087048;0.0325157583945772;0.312536335621561
20180803;100;14004.91;1.48;1.6;1.47;1.516;0.598183733611733;2.71710684951321;0.220154659622201;0.804;4.68273605300136;0.0333156951538533;0.320225201445919
20180803;101;15017.41;1.78;1.88;1.77;1.81;0.678735775181526;2.99802609822569;0.226394218376958;0.7671;4.85729594168516;0.0352533429294126;0.33884956592021
20180803;102;16045.61;2.12;2.2;2.08;2.144;0.758065577424633;3.29500632636137;0.230064983899971;0.7227;4.997960413182;0.0368506495166724;0.354202624630647
20180803;103;17144.45;2.5;2.63;2.45;2.539;0.85098313988387;3.60478497986071;0.236070429897528;0.6735;5.17003632501112;0.0387161354904601;0.372133381260278
20180803;104;18266.84;2.92;3.05;2.85;2.959;0.918875905786773;3.92444496962912;0.234141620763665;0.6204;5.37440488465023;0.0392362995741838;0.377133116301858
20180817;70;5510.27;0.01;0.04;0.03;0.019;0.0178291778488178;0.0844833230524369;0.211037838056531;0.9998;5.85411075591096;0.00252378898349407;0.0177271908888694
20180817;75;5926.67;0.04;0.07;0.07;0.049;0.0446454660887472;0.172021830137548;0.259533723441082;0.9987;3.3496414701945;0.00587572170362493;0.0412712952355578
20180817;80;6363.53;0.09;0.12;0.14;0.099;0.081531318980231;0.353765335524468;0.230467235743599;0.9953;3.71674064250405;0.00999357727622564;0.0701952711565657
20180817;85;6836.06;0.2;0.22;0.24;0.206;0.155285077486106;0.662619997716547;0.234350122274053;0.9895;4.8299926203709;0.0177181535035038;0.124452991676053
20180817;90;7393.15;0.41;0.42;0.42;0.413;0.26618189912701;1.15272092421578;0.230916168462978;0.969;4.73606777009644;0.0280830067453072;0.197256119494682
20180817;95;9553.27;0.89;0.9;0.89;0.893;0.487742028536235;1.93609334203;0.251920719909525;0.9178;4.93014563824532;0.0398228860126703;0.279717483002458
20180817;97.5;11851.6;1.31;1.33;1.3;1.316;0.642754927084754;2.46991425008402;0.260233701256183;0.8656;5.0092639353813;0.042302207560676;0.297132332914172
20180817;100;14293.05;1.93;1.95;1.87;1.936;0.846142642989735;3.11459634698732;0.271670081360042;0.7961;5.34505815110478;0.0461756770970502;0.324339731917261
20180921;45;3532.21;-1;0.01;-1;0.003;0.003;0;∞;1;0;0.0006624747679215;0.00278125182739457
20180921;47.5;3728.5;-1;0.02;-1;0.006;0.006;0;∞;1;0;0.00125519645970229;0.00526966099892256
20180921;50;3924.93;-1;0.02;-1;0.006;0.00596405955751281;0.00359404424871897;1.65942852808186;0.9999;0.359404424871897;0.00118523552136216;0.00497594568020149
20180921;55;4318.87;-1;0.03;-1;0.009;0.00821637672146142;0.059038326014797;0.139170218332446;0.9998;3.91811639269292;0.0014839006135262;0.00622982412747638
20180921;60;4721.31;0.01;0.04;0.01;0.019;0.0167367948285777;0.132187285463355;0.12661425620407;0.9996;5.65801292855585;0.00276505884305216;0.0116084797979862
20180921;65;5136.42;0.04;0.06;0.05;0.046;0.0403910209765513;0.234753200330508;0.172057381623275;0.9991;6.23219891494302;0.0061336487985231;0.0257507496972478
20180921;70;5565.11;0.08;0.1;0.09;0.086;0.0723240960848271;0.381558459429737;0.189549187804459;0.9975;5.47036156606914;0.0101368697017966;0.0425573753859908
20180921;75;6004.12;0.13;0.16;0.14;0.139;0.108340153433366;0.5972071408194;0.181411349644475;0.9951;6.2571115442111;0.0140745554182836;0.0590888662819322
20180921;77.5;6226.75;0.18;0.2;0.19;0.186;0.140402696330419;0.737190071540701;0.190456575245218;0.9927;6.24620598213441;0.0175876826816119;0.0738379436719395
20180921;80;6466.81;0.23;0.26;0.26;0.239;0.171398890621818;0.905253816240865;0.189337937655502;0.9886;5.92992187527913;0.0206734285814827;0.0867927561998454
20180921;82.5;6714.38;0.3;0.33;0.33;0.309;0.204093878727845;1.11210888601248;0.183519690647949;0.9818;5.76407259737114;0.0237092963769878;0.099538166686147
20180921;85;6985.54;0.4;0.42;0.44;0.406;0.245523956621156;1.37002634325549;0.179211120888184;0.9741;6.19598623084342;0.0274150153265891;0.11509579710387
20180921;87.5;7290.31;0.53;0.54;0.56;0.533;0.29614437638428;1.68227472690931;0.17603805825958;0.9642;6.61607887194748;0.0316848822038759;0.133021876149031
20180921;90;7636.96;0.72;0.73;0.76;0.723;0.380290606434557;2.05013619192431;0.185495289499576;0.9498;6.82688034990921;0.0388409357936869;0.163064963202806
20180921;92.5;8043.76;0.99;1;1.04;0.993;0.495976882983653;2.47955739646834;0.200026377163149;0.9259;6.70746446715718;0.0480946682555483;0.201914684831483
20180921;95;9937.68;1.37;1.39;1.39;1.376;0.659247600809117;2.98061637831098;0.2211782789648;0.895;6.82621332562746;0.0517437801006987;0.217234663008968
20180921;97.5;12301.15;1.89;1.91;1.93;1.896;0.86702184675971;3.55766181406744;0.243705526852327;0.851;6.90589364590799;0.0549767331080894;0.230807491583099
20180921;100;14801.31;2.58;2.61;2.59;2.589;1.11819394908878;4.21222146430028;0.265464187618285;0.7933;7.11565578573403;0.0589266274599509;0.247390237698242
