Expiry;Strike;ReqMar;Bid;Ask;Last/Close;Premium;E[PnL];S[PnL];Sharpe;Prob(%);LGL;E[Return](%);Ann[Return](%)
20180706;282.5;22251.7;-1;-1;-1;-1;-1.01200603812232;0.425165547272405;-2.38026351056599;0.9988;10.0050317686037;-0.0354743552059129;-1.29570082389597
20180706;285;22469.46;0.11;0.17;0.29;0.128;0.11242018729754;0.498990323137148;0.225295325550114;0.9983;9.16459570732919;0.00390253019396468;0.14253991533456
20180706;287.5;22683.27;-1;-1;-1;-1;-1.02046698581396;0.581607254897922;-1.75456371498162;0.9977;8.89868948433141;-0.0350903661127734;-1.28167562226905
20180706;290;22897.88;0.15;0.21;0.39;0.168;0.140942417621089;0.675424779728691;0.208672263516455;0.997;9.01919412630371;0.00480110323507894;0.175360295661258
20180706;292.5;23117.7;-1;-1;-1;-1;-1.03563727099082;0.781993936613737;-1.32435460494161;0.9962;9.37822920811143;-0.0349427958392419;-1.27628561802831
20180706;295;23340.52;0.2;0.3;0.53;0.23;0.183212676936548;0.903025308058025;0.202887643681384;0.9946;8.66431908582443;0.00612265228069073;0.223629874552229
20180706;297.5;24908.4;-1;-1;-1;-1;-1.06307248096036;1.0425428827837;-1.01969185010581;0.9924;8.29901065267875;-0.0332898353627322;-1.21591123662379
20180706;300;26918.38;0.31;0.41;0.73;0.34;0.255698445274906;1.20417625058539;0.212343039609527;0.9903;8.69088193042209;0.00740924183826911;0.270622558142779
20180706;302.5;28925.58;-1;-1;-1;-1;-1.11443619136475;1.39141452719425;-0.800937585158024;0.9857;8.00253086466803;-0.0300516093113606;-1.09763503009745
20180706;305;30996.19;0.48;0.59;1.03;0.513;0.358992698577639;1.61008284069462;0.222965358989083;0.9818;8.46193963859128;0.00903382979942239;0.329960633423903
20180706;307.5;32998.27;0.6;0.71;1.21;0.633;0.424950105870862;1.86289830618301;0.228112347550288;0.9745;8.15881937761325;0.0100448018208007;0.366886386504745
20180706;310;35126.99;0.75;0.88;1.46;0.789;0.506954090657561;2.15629440203867;0.235104302166838;0.9654;8.15161587694912;0.0112569904427592;0.411161575921779
20180706;312.5;37186.08;0.94;1.05;1.74;0.973;0.587861411309999;2.49693556047251;0.235433152787793;0.9519;8.00703926590438;0.0123307404497005;0.450380294925312
20180706;315;39382.55;1.19;1.32;2.12;1.229;0.703723768207008;2.89250689147761;0.243291993626856;0.9353;8.11864345893341;0.0139377602314087;0.509076692452204
20180706;317.5;41549.75;1.51;1.64;2.57;1.549;0.836429176556916;3.34761414579474;0.249858299113604;0.9132;8.2093412839065;0.015702014036532;0.57351606268433
20180706;320;43839.16;1.91;2.05;3.09;1.952;0.990572870028086;3.86633160512763;0.256204839935189;0.8867;8.48567634573622;0.0176245812789731;0.643737831214493
20180706;322.5;46129.83;2.42;2.56;3.64;2.462;1.17474910308845;4.44982325779341;0.263999047834316;0.8494;8.54748271521611;0.0198635958643029;0.725517838943662
20180706;325;48568.64;3;3.2;4.42;3.06;1.34041722795025;5.09613293308502;0.263026346751675;0.8041;8.77785999004466;0.0215267596086939;0.786264894707545
20180706;327.5;51108.73;3.75;3.95;5.32;3.81;1.53737135228492;5.80436892423061;0.264864513671261;0.7524;9.17862943342116;0.0234627167370866;0.856975728822086
20180706;330;53780.06;4.7;4.9;6.24;4.76;1.78687325343569;6.5621617706015;0.272299482381078;0.686;9.46855651772075;0.0259159461272419;0.946579932297509
20180713;285;22615.77;0.29;0.36;0.52;0.311;0.262522368901455;0.921587816863111;0.28485876668273;0.9945;8.81411474518994;0.009054188636652;0.194531905855126
20180713;290;23085.79;0.39;0.48;0.69;0.417;0.330195759896244;1.22494576206346;0.269559494079166;0.9896;8.34656154843807;0.0111563300506099;0.239697032410899
20180713;295;23582.55;0.54;0.63;0.92;0.567;0.416588994382038;1.62743967264493;0.255978148612412;0.9839;9.34229848558767;0.0137788074494908;0.296041730642737
20180713;300;27150.58;0.76;0.85;1.24;0.787;0.539646207716827;2.13633448318966;0.25260379962182;0.9762;10.3930164824863;0.0155033167622616;0.333093320436239
20180713;305;31324.04;1.08;1.17;1.67;1.107;0.705677511514493;2.76465514029825;0.255249742084781;0.9606;10.1858499615611;0.0175720775155856;0.37754125368045
20180713;307.5;33426.54;1.28;1.38;1.94;1.31;0.799894102202308;3.13237277345239;0.255363636468048;0.9507;10.3469756145577;0.0186653299957997;0.401030104762697
20180713;310;35653.4;1.55;1.64;2.28;1.577;0.926427224018837;3.54072335698293;0.261649140758698;0.9373;10.3759613394125;0.0202677229867192;0.435457989464657
20180713;312.5;37777.08;1.84;1.97;2.66;1.879;1.05050697184785;3.9941038374138;0.26301443693263;0.92;10.3561628519019;0.0216902798744986;0.466022042597682
20180713;315;40088.15;2.21;2.35;3.04;2.252;1.20292383364954;4.49603194586307;0.267552332397546;0.902;10.7048588403108;0.0234054350287215;0.502872655543561
20180713;317.5;42313.05;2.65;2.77;3.61;2.686;1.36225791155611;5.04666499811045;0.269932304217966;0.8765;10.7185594205983;0.0251119021439903;0.539536603417203
20180713;320;44739.16;3.15;3.3;4.2;3.195;1.52665797854286;5.64704612766549;0.270346291499833;0.848;10.9759343516917;0.0266163518327888;0.571860147466241
20180713;322.5;47096.47;3.7;3.95;4.89;3.775;1.68500301780668;6.29810901728727;0.267541100540118;0.8143;11.2546956499371;0.0279066000889071;0.599581510733724
20180713;325;49592.81;4.45;4.7;5.69;4.525;1.91970086883981;6.99588491748985;0.274404295022139;0.7725;11.451864312792;0.0301932211079601;0.648710235863672
20180713;327.5;52194.11;5.3;5.5;6.59;5.36;2.13097578648404;7.73587288067578;0.275466753313284;0.7267;11.8149440670178;0.0318457602487628;0.684215525344741
20180713;330;54898.7;6.25;6.5;7.6;6.325;2.34783689969166;8.50964002955809;0.275903198200686;0.673;12.1625782884047;0.0333580354682259;0.716707203221735
20180720;200;15698.85;-1;0.05;-1;0.015;0.0148012617316267;0.0198738268373327;0.744761532480634;0.9999;1.98738268373327;0.00073540317607142;0.0111919170858369
20180720;205;16091.98;0.01;0.06;0.01;0.025;0.0243012617316267;0.0698738268373327;0.347787760189525;0.9999;6.98738268373327;0.00117791497072882;0.0179263934607793
20180720;210;16485.57;0.02;0.07;0.02;0.035;0.0338012617316267;0.119873826837333;0.2819736603345;0.9999;11.9873826837333;0.00159927646727828;0.0243389887363913
20180720;215;16879.97;0.03;0.07;0.03;0.042;0.0403012617316267;0.169873826837333;0.237242325565658;0.9999;16.9873826837333;0.00186226540394733;0.0283413516163234
20180720;220;17276.33;0.04;0.07;0.04;0.049;0.0464052205174381;0.223408246054908;0.207714895653552;0.9998;12.9738974128093;0.00209512506438588;0.0318851845736226
20180720;225;17676.2;0.07;0.08;0.07;0.073;0.0694052205174381;0.284351796445806;0.244082229776473;0.9998;17.9738974128093;0.00306265328541212;0.0466097546873657
20180720;230;18079.53;0.08;0.08;0.08;0.08;0.075401515246185;0.348998204888952;0.216051298229964;0.9997;15.3282825127168;0.00325302604061191;0.0495069900555625
20180720;235;18484.21;0.03;0.09;0.08;0.048;0.0414896899153453;0.420671931583755;0.0986271885531892;0.9996;16.2757752116369;0.00175078935664382;0.0266448255214232
20180720;240;18896.16;0.04;0.11;0.11;0.061;0.052226604389267;0.502725674000301;0.103886885214531;0.9995;17.5467912214659;0.00215582168142248;0.0328089112141484
20180720;245;19306.51;0.06;0.14;0.14;0.084;0.072726604389267;0.5940765622495;0.12241958193719;0.9995;22.5467912214659;0.00293821884036153;0.044716017976752
20180720;250;19722.12;0.09;0.16;0.17;0.111;0.0966339827605131;0.693035403537027;0.139435853157464;0.9993;20.5228817706956;0.00382182577497755;0.0581634110129396
20180720;255;20133.22;0.08;0.19;0.21;0.113;0.0936234090701846;0.80372144121811;0.116487385142158;0.9986;13.8404220927253;0.00362715249099468;0.0552007269723253
20180720;260;20555.97;0.15;0.21;0.25;0.168;0.139601414002339;0.939527735956861;0.148586793832288;0.998;14.1992929988307;0.00529720090668668;0.0806167762986379
20180720;265;20981.43;0.2;0.24;0.31;0.212;0.172863935616604;1.1035556602969;0.156642697632576;0.9977;17.0156801666938;0.00642634318923693;0.0978009104111995
20180720;270;21416.28;0.24;0.32;0.4;0.264;0.210586365054901;1.29401454812683;0.162738792511829;0.9965;15.2610385557427;0.00766974305261336;0.11672390208196
20180720;275;21863.32;0.31;0.38;0.51;0.331;0.256694412175617;1.51838447909049;0.169057584367153;0.995;14.8611175648767;0.00915787910971348;0.139371472700952
20180720;280;22327.99;0.4;0.47;0.64;0.421;0.31760705618872;1.78337857769625;0.178092896349019;0.9927;14.1634169604493;0.0110951995153707;0.168855067624548
20180720;285;22818.51;0.52;0.59;0.85;0.541;0.392312254598434;2.10048125460324;0.186772556878894;0.9887;13.1582075576607;0.0134103216461889;0.204088332552938
20180720;290;23346.6;0.69;0.79;1.06;0.72;0.501090032769133;2.48996523482059;0.201243786765255;0.9824;12.4380663199356;0.0167412053815084;0.254780219399831
20180720;295;23909.2;0.91;1;1.4;0.937;0.608400596713344;2.97248224806303;0.204677621576983;0.9725;11.9490692104238;0.0198481114147027;0.302063445592506
20180720;300;27794.8;1.22;1.32;1.82;1.25;0.750316055139316;3.57533345200926;0.209859042578995;0.9593;12.2772468024738;0.0210559717288366;0.320445569748231
20180720;305;32048.65;1.65;1.78;2.38;1.689;0.948729230288179;4.31459853601335;0.219888182496997;0.9423;12.8296493884198;0.0230901707131121;0.351403535540174
20180720;310;36442.26;2.26;2.41;3.14;2.305;1.20839315776475;5.19960542494555;0.232400934110765;0.9146;12.8408295343706;0.0258641111461393;0.393619441505307
20180720;315;41007.57;3.1;3.3;4.11;3.16;1.53879093051565;6.24736724062555;0.246310305004828;0.8729;12.7553821359902;0.0292691550804451;0.445439953880524
20180720;320;45819.53;4.25;4.45;5.35;4.31;1.94222153035335;7.46985811863138;0.260007820698635;0.8249;13.5224355776507;0.033063036519048;0.503178087024262
20180720;325;50900.23;5.7;5.95;6.95;5.775;2.35061330035175;8.85030583453981;0.265596844255719;0.7511;13.7580823609813;0.036021023368153;0.548194949384079
20180720;330;56288.48;7.6;7.9;8.9;7.69;2.80661196504321;10.3618096868968;0.270861176749113;0.6616;14.4308157061371;0.0388917471698242;0.591883777240762
20180727;255;20287.54;-1;-1;-1;-1;-1.04020864304178;1.21782522617225;-0.854152649072041;0.9975;16.0834572167131;-0.0399931554822611;-0.471209678706318
20180727;260;20721.27;-1;-1;-1;-1;-1.05436062977267;1.39692275081218;-0.754773754783261;0.9967;16.4729181129317;-0.0396887493489871;-0.467623087087663
20180727;265;21165.5;0.44;0.57;0.57;0.479;0.404697561168219;1.60844427786306;0.251608070443006;0.9952;15.4796747566211;0.0149140864950609;0.175721615881322
20180727;270;21647.83;0.54;0.67;0.71;0.579;0.476892956769824;1.85917527920863;0.256507797894569;0.9935;15.7087758815655;0.0171830851535911;0.202455543624166
20180727;275;22149.42;0.68;0.83;1.01;0.725;0.581141068377271;2.15860335553314;0.26922086769097;0.9893;13.444759964741;0.0204650972049955;0.241125056584665
20180727;280;22708.75;0.86;1.03;1.32;0.911;0.703292176249185;2.52505240577426;0.278525774213995;0.985;13.8471882500543;0.024156675179143;0.284620180941355
20180727;285;23299.34;1.11;1.29;1.67;1.164;0.865895481423637;2.97211297891446;0.291340028985002;0.9789;14.1281762358466;0.0289878801507011;0.341542684678826
20180727;290;23984.35;1.44;1.67;2.06;1.509;1.07903937622694;3.51174463920793;0.307265899741024;0.9687;13.7367611429092;0.0350916624155758;0.413459022493195
20180727;295;24740.33;1.91;2.11;2.45;1.97;1.34172912287719;4.16392294393033;0.322227173976167;0.95;12.5654175424561;0.0423013240261634;0.498405116146973
20180727;300;28682.6;2.49;2.71;3.06;2.556;1.63547566564863;4.95533367918114;0.330043498890855;0.9316;13.4579581045521;0.0444754317672015;0.524021014611947
20180727;305;33207.31;3.2;3.5;3.93;3.29;1.95892473929727;5.89707741750336;0.332185691421128;0.9031;13.7365867977578;0.0460127994905903;0.542134677868971
20180727;307.5;35507.9;3.55;4;4.41;3.685;2.09174853876555;6.42668815330547;0.325478456223163;0.8863;14.0127657100655;0.0459493200171548;0.541386746331155
20180727;310;37865.04;4.1;4.45;4.89;4.205;2.30683136039637;6.99637864660319;0.329717912211106;0.8686;14.4457278508648;0.0475195182973309;0.559887227680649
20180727;312.5;40260.41;4.65;5.05;5.55;4.77;2.51895878657382;7.60505860552069;0.331221482599128;0.8474;14.7512530368688;0.0488019832268867;0.574997560439366
20180727;315;42693.12;5.3;5.65;6.25;5.405;2.74238120861756;8.25080270976065;0.332377503751645;0.8239;15.1199249936539;0.050103092552657;0.590327566285741
20180727;317.5;45199.68;6;6.35;6.96;6.105;2.96651548172479;8.93240909801841;0.332106988066959;0.7949;15.3022160813028;0.05119244374618;0.603162583170718
20180727;320;47705.28;6.9;7.15;7.73;6.975;3.28920052852073;9.64800535233387;0.340920263661034;0.7665;15.785008443166;0.0537797160449781;0.63364649307833
20180727;322.5;50342.17;7.55;8;8.61;7.685;3.37581247367127;10.3949866970234;0.324753900323696;0.7347;16.242697046094;0.0523047323836774;0.616267854939941
20180727;325;52983.73;8.45;8.9;9.53;8.585;3.5717783425383;11.1698494302924;0.319769605206288;0.7016;16.8003406751398;0.0525819361373741;0.619533941102448
20180727;327.5;55710.6;9.4;9.9;10.57;9.55;3.74788032138464;11.9681558860199;0.313154370404096;0.6671;17.429016757631;0.0524737958428022;0.618259804244629
20180727;330;58481.63;10.55;11;11.61;10.685;4.00656729861;12.7853598544425;0.313371492411912;0.6316;18.128210372937;0.0534376776590495;0.62961650854735
20180803;250;19941.98;0.36;0.55;0.44;0.417;0.379268728638844;1.22100718370512;0.31061957185867;0.9978;17.1505778914348;0.0148345153459335;0.142587019213216
20180803;255;20397.65;0.45;0.6;0.55;0.495;0.44360243187143;1.38919617401248;0.3193231022154;0.9966;15.1169318025207;0.0169632235507382;0.163047826365977
20180803;260;20866.16;0.56;0.64;0.66;0.584;0.511146968168058;1.59424303472132;0.320620480714479;0.9949;14.2849082023415;0.0191072355992231;0.183655731647796
20180803;265;21361.98;0.68;0.78;0.84;0.71;0.606301677397235;1.84687440395221;0.328285278143323;0.9927;14.2052496716117;0.0221381776581498;0.212788668148401
20180803;270;21861.28;0.85;0.91;1.05;0.868;0.720115452049894;2.15493141826037;0.33417093738938;0.9893;13.8209857897295;0.0256933744318227;0.246960658190086
20180803;275;22422.11;1.04;1.13;1.27;1.067;0.853202090994478;2.53034349448746;0.337188248494025;0.9836;13.0364578661903;0.0296804195044843;0.285283505895076
20180803;280;22991.86;1.19;1.37;1.57;1.244;0.929619237993174;2.99334513718532;0.310561995155462;0.9767;13.4927365668166;0.0315373791261201;0.303132308574088
20180803;285;23655.69;1.61;1.72;2.01;1.643;1.1909357063774;3.55684719050915;0.334829033295334;0.9675;13.909670573003;0.0392687700495895;0.377445217384541
20180803;290;24357.96;1.96;2.14;2.45;2.014;1.37324796216307;4.2272592954937;0.324855388839516;0.9572;14.9708420055358;0.0439746764707386;0.42267764686677
20180803;295;25162.82;2.42;2.66;2.99;2.492;1.59279705225713;5.00941543085945;0.317960663123494;0.9393;14.8138871127326;0.0493737069517869;0.47457227537211
20180803;300;29319.09;3.2;3.35;3.83;3.245;1.98689073805906;5.91551585390482;0.335877848547649;0.9137;14.5783228498371;0.0528588975880925;0.508071377475021
20180803;305;33834.33;3.95;4.15;4.67;4.01;2.25122618720787;6.96039007638351;0.323433911390432;0.8839;15.1487839172449;0.0518986610942832;0.498841735912814
20180803;307.5;36208.27;4.35;4.65;5.21;4.44;2.36808549796692;7.53701713831644;0.314193991403858;0.8655;15.40456878835;0.0510133924767519;0.490332673740358
20180803;310;38580.13;4.9;5.2;5.78;4.99;2.55775848422049;8.15012495693029;0.313830585142814;0.8462;15.8143141468109;0.0517118946383017;0.49704656622736
20180803;312.5;40983.65;5.6;5.8;6.38;5.66;2.81540888501995;8.79876694150095;0.319977663204213;0.8229;16.0620616317337;0.0535828051019263;0.515029462196805
20180803;315;43483.54;6.25;6.45;7.02;6.31;2.9953917188193;9.48156860341509;0.31591731749327;0.8012;16.6730798852148;0.0537308034414645;0.516451998868287
20180803;317.5;45991.99;6.85;7.2;7.8;6.955;3.11485313389374;10.198270957081;0.305429532810265;0.7782;17.3135566551229;0.0528262735410474;0.507757800285988
20180803;320;48556.59;7.65;8;8.64;7.755;3.32489589568609;10.9440693980159;0.303808005483671;0.7489;17.6427881493983;0.0534102332687519;0.513370728984517
20180803;322.5;51176.47;8.55;8.8;9.47;8.625;3.53082868085464;11.7146174251759;0.301403669680797;0.7213;18.2783326844111;0.0538146998233098;0.517258397643787
20180803;325;53851.16;9.5;9.75;10.45;9.575;3.74949363174674;12.5106374506647;0.299704443241422;0.6915;18.8833269635438;0.0543090442761579;0.522009958470175
20180803;327.5;56605.62;10.45;10.8;11.43;10.555;3.92297707612093;13.3259961030486;0.294385278652714;0.6614;19.5866004839902;0.054056860774148;0.519586010467304
20180803;330;59418.05;11.55;11.85;12.59;11.64;4.12151680091117;14.1557459396032;0.291155041811006;0.6308;20.364255685506;0.0541044868471906;0.520043784761483
20180817;170;13362.75;0.01;0.07;0.02;0.028;0.0266985972341565;0.130140276584355;0.205152454988451;0.9999;13.0140276584355;0.00155842965277671;0.0109464698207057
20180817;175;13756.84;0.03;0.08;0.03;0.045;0.0431985972341564;0.180140276584355;0.239805323125102;0.9999;18.0140276584355;0.00244932018128015;0.0172041191579341
20180817;180;14152.91;0.04;0.09;0.04;0.055;0.0526985972341565;0.230140276584355;0.228984678459098;0.9999;23.0140276584355;0.00290434305331144;0.0204002173119616
20180817;185;14552.44;0.02;0.1;0.06;0.044;0.0411985972341564;0.280140276584355;0.147064169909716;0.9999;28.0140276584355;0.00220821428177282;0.0155105820464908
20180817;190;14955.13;0.08;0.11;0.08;0.089;0.0856985972341564;0.330140276584355;0.259582375470202;0.9999;33.0140276584355;0.00446969741103167;0.0313953265265253
20180817;195;15358.19;0.02;0.13;0.09;0.053;0.049144059553551;0.380178851051502;0.129265632261311;0.9998;19.2797022322449;0.00249589088634597;0.0175312335814974
20180817;200;15770.06;0.08;0.14;0.11;0.098;0.0930937507534352;0.433723215872748;0.21463861593415;0.9997;16.3541641552159;0.00460449266443371;0.0323421335708541
20180817;210;16595.58;0.11;0.2;0.16;0.137;0.129093750753435;0.562330139116294;0.229569325514558;0.9997;26.3541641552159;0.0060674664933482;0.0426181180133736
20180817;220;17434.26;0.17;0.26;0.26;0.197;0.184285503061172;0.719298850914388;0.256201581341196;0.9994;21.1908282313804;0.00824484046857819;0.057912076560542
20180817;230;18299.81;0.3;0.36;0.37;0.318;0.295749639670948;0.922800167933564;0.320491532130107;0.9986;15.8931145207515;0.0126058532270739;0.0885439979074759
20180817;235;18730.81;0.35;0.41;0.43;0.368;0.337804239361672;1.05443645254284;0.320364720459952;0.9982;16.775422576849;0.0140670535178193;0.0988075249496823
20180817;240;19187.19;0.4;0.48;0.51;0.424;0.384276657314562;1.20778834231873;0.318165562499818;0.9975;15.8893370741752;0.0156216617808735;0.109727153182001
20180817;245;19645.14;0.49;0.57;0.61;0.514;0.460331006815773;1.38648302550788;0.332013445781025;0.997;17.8896643947424;0.0182772016547758;0.12837976739244
20180817;250;20112.57;0.59;0.7;0.74;0.623;0.551427253403114;1.59363734093418;0.346018030099539;0.9956;16.2665333174741;0.0213852957456172;0.15021113982859
20180817;255;20613.44;0.72;0.79;0.88;0.741;0.645082544125776;1.83536716158319;0.351473295168541;0.9943;16.8276238375832;0.024409530113271;0.171453478343697
20180817;260;21116.87;0.88;0.96;1.06;0.904;0.774140345119966;2.11668418612726;0.365732568983922;0.9921;16.4379309974727;0.0285946482217096;0.200849908903451
20180817;265;21670.64;1.07;1.15;1.27;1.094;0.916920506131397;2.44690122168466;0.374727225605009;0.9888;15.810669095411;0.0330030859625046;0.231814945150092
20180817;270;22242.8;1.31;1.38;1.56;1.331;1.08887789038251;2.83544749719823;0.384023294897351;0.9851;16.2498060145965;0.0381842553319887;0.268207678077094
20180817;275;22871.55;1.62;1.68;1.92;1.638;1.30625778483916;3.29061819350745;0.396964250491435;0.9786;15.5019726710672;0.0445479677667034;0.312906638976701
20180817;280;23546.19;1.99;2.06;2.36;2.011;1.55485282119273;3.82597054686974;0.40639435200693;0.9711;15.7836394050959;0.0515066429231366;0.361784640916839
20180817;285;24299.77;2.44;2.53;2.91;2.467;1.84335099587648;4.45153071753551;0.414093738276393;0.9611;16.0321080751549;0.0591698512695244;0.41561131108065
20180817;290;25113.92;3;3.1;3.55;3.03;2.17038114731508;5.17819244530053;0.419138757441279;0.9443;15.4330135131942;0.0674087237239653;0.473481468080352
20180817;295;26055.08;3.7;3.8;4.32;3.73;2.55029547395038;6.02450072642866;0.423320635146175;0.9279;16.3620600006882;0.0763471257689976;0.536265147829353
20180817;300;30255.19;4.5;4.65;5.16;4.545;2.95280450638631;6.99436482771671;0.422169071691138;0.9056;16.8664776865857;0.0761253693988147;0.534707522556097
20180817;305;34987.15;5.5;5.65;6.21;5.545;3.40721336203079;8.08808173961387;0.421263467868149;0.8768;17.3521642692306;0.0759600716944369;0.533546465122944
20180817;310;39822.3;6.7;6.85;7.54;6.745;3.90681573950964;9.30978694639587;0.419646095233371;0.8426;18.0316662038778;0.0765228597247652;0.537499509893664
20180817;315;44828.44;8.1;8.3;9.01;8.16;4.44347439181598;10.6550464882694;0.417030033299996;0.8034;18.9039959724518;0.0773149818645588;0.54306340626981
20180817;320;50051.3;9.75;9.95;10.68;9.81;4.99156673999186;12.1081983924379;0.412246857724872;0.7569;19.8207867544555;0.0777886300094834;0.546390329056996
20180817;325;55458.26;11.6;11.85;12.59;11.675;5.51123312023493;13.6577950370115;0.403522904341437;0.7045;20.8587711667177;0.0775134638876741;0.544457551634096
20180817;330;61054.21;13.8;14.05;14.79;13.875;6.10203091140303;15.2831444524082;0.399265408398435;0.6508;22.2593616511941;0.0779566898154012;0.547570787597602
20180921;95;7465.12;-1;0.06;-1;0.018;0.018;0;∞;1;0;0.00188074672610755;0.00789589358288256
20180921;100;7863.11;0.01;0.06;-1;0.025;0.025;0;∞;1;0;0.00247993478407399;0.010411450343483
20180921;105;8259.69;0.01;0.06;0.01;0.025;0.025;0;∞;1;0;0.00236086342223497;0.00991155591921063
20180921;110;8657.84;0.01;0.05;0.01;0.022;0.022;0;∞;1;0;0.00198201860972252;0.00832106088736953
20180921;115;9054.95;0.02;0.05;0.02;0.029;0.029;0;∞;1;0;0.00249808116002849;0.0104876338356369
20180921;120;9450.92;0.03;0.06;0.03;0.039;0.039;0;∞;1;0;0.00321873426079154;0.0135131343534955
20180921;125;9845.25;0.04;0.07;0.04;0.049;0.049;0;∞;1;0;0.00388207511236383;0.0162980222389757
20180921;130;10240.78;0.06;0.07;0.06;0.063;0.063;0;∞;1;0;0.00479846261710534;0.0201452697804336
20180921;135;10637.46;0.06;0.07;0.06;0.063;0.063;0;∞;1;0;0.00461952383369714;0.019394035405263
20180921;140;11033.81;0.07;0.09;0.07;0.076;0.076;0;∞;1;0;0.00537257755933807;0.0225555626844624
20180921;145;11430.42;0.07;0.08;0.07;0.073;0.073;0;∞;1;0;0.00498144425139234;0.0209134771588627
20180921;150;11827.38;0.08;0.08;0.08;0.08;0.08;0;∞;1;0;0.00527589373132511;0.0221496573030632
20180921;155;12223.09;0.08;0.09;0.08;0.083;0.0822605078020488;0.0531233689243511;1.54848063042067;0.9998;3.6974609897558;0.00524934333998998;0.0220381914359924
20180921;160;12620.8;0.08;0.11;0.08;0.089;0.0872605078020488;0.123352238282184;0.707409196762439;0.9998;8.6974609897558;0.00539293833081881;0.0226410428199031
20180921;165;13023.45;0.09;0.13;0.09;0.102;0.0992605078020488;0.193928999771996;0.511839425350259;0.9998;13.6974609897558;0.00594490677090925;0.0249583585985587
20180921;170;13426.68;0.04;0.13;0.09;0.067;0.0632605078020489;0.264575394010665;0.239102007345017;0.9998;18.6974609897558;0.00367501095472582;0.0154287097840644
20180921;175;13832.18;0.05;0.15;0.11;0.08;0.0752605078020488;0.335247402941799;0.2244924409306;0.9998;23.6974609897558;0.00424395836994589;0.0178173079841694
20180921;180;14236.58;0.07;0.17;0.12;0.1;0.0940724026893135;0.406364588768883;0.231497540113704;0.9997;19.7586577022884;0.00515408013003576;0.0216382502010984
20180921;185;14646.93;0.1;0.2;0.16;0.13;0.122163312894646;0.483282797610902;0.252778111487844;0.9996;19.5917177633861;0.00650562159154332;0.027312394095531
20180921;190;15063.22;0.13;0.22;0.2;0.157;0.14698653311641;0.567636902874503;0.258944639384918;0.9995;20.0269337671806;0.00761122096276889;0.0319540052488659
20180921;195;15479.56;0.16;0.26;0.25;0.19;0.17748653311641;0.65939461930432;0.26916588021853;0.9995;25.0269337671806;0.00894337409014207;0.0375467515680964
20180921;200;15893.7;0.21;0.3;0.3;0.237;0.22198653311641;0.756558572372239;0.293416189073579;0.9995;30.0269337671806;0.0108942219766826;0.0457369491607276
20180921;205;16327.33;0.28;0.36;0.35;0.304;0.286469524873192;0.857293869620817;0.334155573747306;0.9994;29.2174585446797;0.0136854114788572;0.0574551326741678
20180921;210;16762.7;0.33;0.41;0.42;0.354;0.332816958571;0.962644516369852;0.345731942489069;0.9991;23.5367126988894;0.0154865998726565;0.0650170184308942
20180921;215;17197.44;0.41;0.48;0.49;0.431;0.405173197978597;1.07750948117846;0.376027501433642;0.999;25.8268020214034;0.0183768685585358;0.0771511636897148
20180921;220;17650;0.47;0.55;0.56;0.494;0.461788040836349;1.20397631689814;0.383552429026242;0.9986;23.0085422597505;0.0204076301332778;0.0856768609905713
20180921;225;18111.2;0.55;0.63;0.65;0.574;0.532342439134773;1.34708034649389;0.395182396150554;0.9977;18.1119829848814;0.022926537309793;0.0962519281885274
20180921;230;18575.16;0.65;0.73;0.74;0.674;0.619566591363524;1.51368719109125;0.409309529082336;0.9971;18.7701409091296;0.0260165695080715;0.109224735779576
20180921;235;19063.98;0.77;0.83;0.88;0.788;0.717910730911398;1.70572510824217;0.420883017692831;0.9964;19.4692414135006;0.0293732143083915;0.123316856622299
20180921;240;19571.27;0.88;0.97;1.03;0.907;0.816075671550501;1.92510560130862;0.423912158894433;0.9951;18.5559853978569;0.0325241552443654;0.136545375896603
20180921;245;20079.29;1.05;1.12;1.22;1.071;0.950974209579675;2.1787660004878;0.43647376972413;0.9931;17.3950420899022;0.0369415394404955;0.155090773340701
20180921;250;20634.36;1.23;1.3;1.44;1.251;1.08921547046767;2.47632356720616;0.439851837171888;0.9903;16.6788174775598;0.0411734634350076;0.172857557696971
20180921;255;21201.12;1.47;1.52;1.69;1.485;1.27024224495518;2.82611864325849;0.449465293322082;0.9883;18.3553636790442;0.0467328589746694;0.196197433798828
20180921;260;21786.99;1.72;1.78;2.02;1.738;1.45602602744017;3.22870036619293;0.450963503050924;0.9853;19.1819028952269;0.0521274531912545;0.218845428483973
20180921;265;22453.46;2.05;2.12;2.43;2.071;1.70637559622409;3.68578722514177;0.462960961116917;0.9806;18.7950723595831;0.0592769651116037;0.24886105180475
20180921;270;23128.6;2.44;2.5;2.84;2.458;1.98586661676539;4.20213678672312;0.472584953217099;0.9756;19.3497288210905;0.0669723183018863;0.281168267353609
20180921;275;23893.42;2.91;2.97;3.36;2.928;2.31586029220209;4.78448246810854;0.484035694066954;0.9671;18.6060701458332;0.0756011917891047;0.317394658631845
20180921;280;24717.07;3.45;3.55;3.98;3.48;2.68405126601456;5.44424763054644;0.493006829989686;0.9591;19.4608492416978;0.084700977401098;0.355598068916679
20180921;285;25600.48;4.1;4.2;4.67;4.13;3.10835092680277;6.18695745917517;0.502403798201832;0.9496;20.2708149443896;0.0947057915674299;0.397601038735675
20180921;290;26583.15;4.85;4.95;5.48;4.88;3.57096259943634;7.0143277995583;0.509095483057009;0.9341;19.8639969736519;0.104778810169613;0.439890349591392
20180921;295;27648.92;5.7;5.85;6.43;5.745;4.06415490383142;7.93535744600892;0.512157761195179;0.9171;20.2755741395486;0.114653332751822;0.481346319397736
20180921;300;31941.36;6.75;6.9;7.5;6.795;4.64240276604322;8.95746901172287;0.518271708221105;0.8945;20.4037652507751;0.113366311187555;0.47594304783051
20180921;305;36807.81;7.95;8.1;8.74;7.995;5.25308662339557;10.0858306512418;0.520838273518781;0.8698;21.0592425238435;0.111318971877125;0.467347752622067
20180921;310;41792;9.35;9.45;10.29;9.38;5.91339231961936;11.3200570627409;0.522381847268493;0.8395;21.5988017469199;0.110366721126127;0.463349941279516
20180921;315;46933.18;10.85;11.05;11.87;10.91;6.56405438614607;12.6573746316109;0.518595251953181;0.8079;22.6233504104838;0.109090464809628;0.457991865192145
20180921;320;52219.92;12.65;12.8;13.67;12.695;7.2967409563458;14.089981134491;0.517867333298554;0.7713;23.6041060063585;0.10899016976567;0.457570798930013
20180921;325;57686.47;14.65;14.8;15.72;14.695;8.05363223514281;15.6078121993907;0.516000073056825;0.7331;24.8833561815556;0.1088961266552;0.457175980009331
20180921;330;63298.59;16.85;16.95;17.94;16.88;8.80220256741825;17.2014043872125;0.51171418154449;0.6909;26.1332818912383;0.108465575656365;0.455368408143533
20181019;190;15150.94;0.25;0.35;0.35;0.28;0.260912090361514;0.847595855803247;0.307826057165244;0.9991;21.2087884872065;0.0134322643005636;0.0426620394415726
20181019;195;15590.61;0.32;0.41;0.4;0.347;0.323183642433137;0.965446402160855;0.334750475748617;0.9989;21.6512341516941;0.016168914564462;0.051353878649302
20181019;200;16033.76;0.38;0.46;0.46;0.404;0.373304024243542;1.09616440235539;0.34055477758756;0.9984;19.1849848477865;0.0181602530479415;0.0576785428327011
20181019;210;16929.23;0.52;0.62;0.61;0.55;0.501216534027793;1.41154893530984;0.355082648209977;0.998;24.3917329861035;0.0230931292528767;0.0733457866053324
20181019;220;17859.16;0.71;0.81;0.81;0.74;0.667067755820388;1.78680984578649;0.373328900886356;0.9972;26.0472300641473;0.0291342285717751;0.0925328433551378
20181019;225;18338.11;0.83;0.91;0.94;0.854;0.765503456029483;1.9984529011353;0.383048034604472;0.9965;25.284726848719;0.0325602090784163;0.103414055355579
20181019;230;18846.02;0.96;1.06;1.08;0.99;0.8822664331167;2.22891201175477;0.395828291320533;0.9957;25.0543178798372;0.0365152864016395;0.115975724853903
20181019;235;19356.87;1.12;1.21;1.3;1.147;1.01439360987048;2.48148578977641;0.40878477485131;0.9943;23.2642789700919;0.0408757725654494;0.129825008082873
20181019;240;19890.59;1.32;1.39;1.52;1.341;1.17423021665777;2.76328809855358;0.424939483245489;0.9922;21.3807414541321;0.0460468778951786;0.146248888271426
20181019;245;20464.33;1.54;1.6;1.77;1.558;1.34398417792953;3.08341904008054;0.435874644496722;0.9889;19.2807046910336;0.05122609236584;0.162698523796722
20181019;250;21044.45;1.79;1.89;2.04;1.82;1.54456772540572;3.45179120644379;0.447468468695999;0.9864;20.2523731319325;0.0572484824177615;0.181826158287716
20181019;255;21685.69;2.12;2.25;2.44;2.159;1.80992958260263;3.87044885700556;0.467627825472139;0.9838;21.5475566294671;0.0651003069042329;0.206764235624096
20181019;260;22360.07;2.49;2.56;2.86;2.511;2.07073099635;4.34021508590503;0.477103312938282;0.9795;21.4765367634147;0.0722345760613898;0.229423294838458
20181019;265;23074.91;2.9;3.05;3.28;2.945;2.39089917596373;4.86589352389148;0.491358712274414;0.9749;22.0757300412858;0.0808194422969237;0.256689576512621
20181019;270;23870.43;3.4;3.5;3.85;3.43;2.73539434410372;5.45160848149547;0.501759132811634;0.9689;22.3345870063114;0.0893828719633831;0.283887773779354
20181019;275;24684.47;3.95;4.1;4.48;3.995;3.12421508255101;6.10248512490031;0.511957836620215;0.9616;22.6766905585676;0.0987214942994435;0.313548050372798
20181019;280;25638.99;4.6;4.75;5.26;4.645;3.55935721581429;6.82368885834842;0.521617748068863;0.9517;22.4770762771368;0.108284243191138;0.343920172396201
20181019;285;26608.47;5.4;5.6;6.04;5.46;4.10277364201246;7.62015634929145;0.538410690535759;0.9397;22.5078998007884;0.120268600215259;0.381983532422812
20181019;290;27717.86;6.35;6.45;6.98;6.38;4.68256719866603;8.49913003867584;0.550946647169499;0.9244;22.45281483246;0.131770721655983;0.418515270303024
20181019;295;28883.15;7.3;7.45;8.03;7.345;5.22823015006868;9.46776564983819;0.552213726388341;0.9076;22.9087646096463;0.141190262040448;0.448432549654554
20181019;300;33283.6;8.45;8.65;9.28;8.51;5.88684993324424;10.5288126554965;0.559118119569831;0.8891;23.653291855327;0.137958121955873;0.438166991690285
20181019;305;38225.2;9.8;9.95;10.63;9.845;6.61343395395733;11.6822327802422;0.56611044124565;0.8667;24.2428060468317;0.134949679376085;0.428611916453174
20181019;310;43300.22;11.25;11.4;12.22;11.295;7.32912502482136;12.9256025861698;0.567023856409096;0.8404;24.848840696608;0.132025137963749;0.419323318619645
20181019;315;48480.64;12.9;13.05;13.86;12.945;8.11758072887292;14.2600790017981;0.569252156867389;0.8128;25.7874961064481;0.130602916308879;0.41480621897233
20181019;320;53818.04;14.7;14.85;15.75;14.745;8.90409793688183;15.6762783227207;0.567998204266157;0.7804;26.597914677223;0.129049597324017;0.409872742805192
20181019;325;59273.18;16.7;16.85;17.76;16.745;9.71851480032613;17.1662244602772;0.566141659327294;0.7448;27.533249215023;0.127889908121251;0.406189469054669
20181019;330;64963.79;18.95;19.1;20.08;18.995;10.5959314552998;18.7210909526866;0.565988995090014;0.7052;28.4907345478296;0.127222049931722;0.404068293370099
