Expiry;Strike;ReqMar;Bid;Ask;Last/Close;Premium;E[PnL];S[PnL];Sharpe;Prob(%);LGL;E[Return](%);Ann[Return](%)
20180706;25;1962.3;-1;0.02;-1;0.006;0.006;0;∞;1;0;0.00238495642868063;0.08711053355756
20180706;25.5;2001.55;-1;0.02;-1;0.006;0.006;0;∞;1;0;0.00233818790437411;0.0854023132072644
20180706;26;2042.56;-1;0.02;-1;0.006;0.006;0;∞;1;0;0.00229124236252546;0.0836876272912424
20180706;26.5;2082.1;-1;0.03;-1;0.009;0.009;0;∞;1;0;0.00337159598482302;0.123147543345661
20180706;27;2123.93;-1;0.02;-1;0.006;0.006;0;∞;1;0;0.00220346244932743;0.0804814659616842
20180706;27.5;2166.19;-1;0.02;-1;0.006;0.00599556666138345;0.00044333386165551;13.5238184581584;0.9999;0.044333386165551;0.00215887895146736;0.0788530537023454
20180706;28;2207.19;0.01;0.03;-1;0.016;0.0159455666613834;0.00544333386165551;2.92937509743961;0.9999;0.544333386165551;0.00563501193638929;0.205818810976619
20180706;28.5;2586.17;0.01;0.03;0.01;0.016;0.0158114633720217;0.0117552596757554;1.34505436784455;0.9994;0.314227713297149;0.00476880538795862;0.174180616795188
20180706;29;2982.12;0.01;0.03;0.02;0.016;0.015201334377128;0.0237180383095157;0.640918704099961;0.9978;0.363029828578173;0.00397604416125436;0.145225012989816
20180706;29.5;3382.34;0.03;0.05;0.04;0.036;0.0329993279275152;0.0470950634838179;0.700696113061913;0.9916;0.357222865771999;0.00760996108713549;0.277953828707624
20180706;30;3793.75;0.05;0.07;0.06;0.056;0.0450585832641184;0.0909747332935781;0.495286786043253;0.9723;0.394996994075147;0.00926410410438547;0.338371402412679
20180706;30.5;4220.08;0.09;0.12;0.1;0.099;0.0608710621874702;0.17001074653971;0.358042438059951;0.9097;0.4222473733392;0.0112508361230656;0.410936789394972
20180706;31;4685.38;0.18;0.2;0.19;0.186;0.0695829525188129;0.296179979422004;0.234934692934357;0.756;0.477119047054045;0.0115838422848678;0.423099839454798
20180706;31.5;5216.68;0.36;0.39;0.34;0.369;0.0734365071685932;0.458015816817428;0.160336181573105;0.5145;0.608781653617728;0.0109802547964419;0.401053806440041
20180706;32;5467.62;0.65;0.69;0.58;0.662;0.0604689276875332;0.611283122599536;0.0989213106856012;0.271;0.825145503857979;0.00862637922830699;0.315078501313913
20180706;32.5;5774.92;1.04;1.13;0.93;1.067;0.0573176880582265;0.717793236039013;0.079852644439117;0.1121;1.13715768886336;0.0077417170602219;0.282766215624605
20180706;33;6130.18;1.47;1.59;1.35;1.506;0.029420428105757;0.770865022029555;0.0381654728973148;0.0334;1.52760146068099;0.00374343557978566;0.136728984551671
20180706;33.5;6508.13;1.95;2.07;1.81;1.986;0.0193739174899691;0.792182672689681;0.0244563762347758;0.0096;1.98568869397216;0.00232196585534952;0.0848098028666413
20180706;34;6895.11;2.44;2.57;2.31;2.479;0.0147984981378375;0.79874192329844;0.0185272585627238;0.0024;2.47012981341436;0.00167406010165367;0.0611450452129004
20180706;34.5;7284.53;2.93;3.1;2.8;2.981;0.0174859447425134;0.801029285085673;0.0218293451538956;0.0007;2.96558996823525;0.00187232901768;0.0683868173707619
20180706;35;7669.53;3.45;3.55;3.3;3.48;0.0165834703065203;0.801409327670227;0.0206928840655374;0.0001;3.46376290598408;0.00168655795584421;0.0616015293372098
20180706;35.5;8069.83;3.95;4.05;3.79;3.98;0.0166334703065203;0.801640996186849;0.0207492760295948;0.0001;3.96376290598408;0.00160772988267235;0.0587223339646077
20180706;36;8462.29;4.4;4.6;4.29;4.46;-0.00331652969347971;0.801903774188676;-0.00413582003256588;0.0001;4.46376290598408;-0.00030569658578401;-0.011165567795761
20180706;36.5;8854.75;4.9;5.1;4.79;4.96;-0.00330466228611993;0.801970708939636;-0.00412067703880277;0;4.96330466228612;-0.000291102129723995;-0.0106325052881689
20180706;37;9247.2;5.4;5.6;5.29;5.46;-0.00330466228611993;0.801970708939636;-0.00412067703880277;0;5.46330466228612;-0.000278747792107184;-0.0101812631067149
20180706;37.5;9639.66;5.9;6.1;5.79;5.96;-0.00330466228611993;0.801970708939636;-0.00412067703880277;0;5.96330466228612;-0.000267399118140427;-0.0097667527900791
20180706;38;10032.11;6.4;6.6;6.29;6.46;-0.00330466228611993;0.801970708939636;-0.00412067703880277;0;6.46330466228612;-0.000256938628381621;-0.00938468340163872
20180706;38.5;10424.57;6.9;7.1;6.79;6.96;-0.00330466228611993;0.801970708939636;-0.00412067703880277;0;6.96330466228612;-0.000247265506699418;-0.00903137263219623
20180706;39;10817.03;7.4;7.6;7.29;7.46;-0.00330466228611993;0.801970708939636;-0.00412067703880277;0;7.46330466228612;-0.000238294299190586;-0.00870369927793617
20180706;40;11601.94;8.4;8.6;8.29;8.46;-0.00330466228611905;0.801970708939636;-0.00412067703880166;0;8.46330466228612;-0.000222172893772322;-0.00811486494503407
20180713;25.5;2002.31;-1;0.02;-1;0.006;0.006;0;∞;1;0;0.00233730041801719;0.0502175869223987
20180713;26;2042.28;-1;0.03;-1;0.009;0.009;0;∞;1;0;0.00343733474352195;0.0738521479453759
20180713;26.5;2083.46;0.01;0.04;0.01;0.019;0.019;0;∞;1;0;0.00711316751941482;0.152828496262721
20180713;27;2125.67;0.01;0.03;0.01;0.016;0.016;0;∞;1;0;0.00587109005631166;0.126142096651049
20180713;27.5;2170.92;0.01;0.04;0.03;0.019;0.0188949279041464;0.00621238673176653;3.04149254062512;0.9996;0.262680239633994;0.00678884701658016;0.145860374870935
20180713;28;2219.12;0.02;0.04;0.04;0.026;0.0255734769605175;0.0167317212655627;1.52844268408612;0.999;0.426523039482503;0.00898883883215132;0.193127846084898
20180713;28.5;2608.52;0.04;0.06;0.06;0.046;0.0445175288445651;0.0339411225886073;1.31161038437509;0.997;0.494157051811625;0.013311637441446;0.286004445616951
20180713;29;3021.38;0.06;0.08;0.08;0.066;0.0612757909938349;0.0628204744960454;0.975411145576309;0.9891;0.433413670290375;0.0158189691383379;0.339875204575171
20180713;29.5;3442.64;0.1;0.11;0.11;0.103;0.089330727903297;0.110951309958257;0.805134503927044;0.9738;0.52172794262225;0.0202396904017184;0.434855701131037
20180713;30;3887.79;0.17;0.19;0.17;0.176;0.141019578968677;0.184599980369458;0.763919793959029;0.9368;0.553487674546251;0.0282924930604709;0.607872534725705
20180713;30.5;4370.4;0.29;0.32;0.28;0.299;0.214814557574261;0.290834482887796;0.73861447047576;0.8588;0.596214181485407;0.0383386772167132;0.823717756082617
20180713;31;4907.88;0.47;0.5;0.45;0.479;0.289849807282001;0.43192171518452;0.671070235860161;0.7157;0.665319003580721;0.0460652765919217;0.989726016188201
20180713;31.5;5514.43;0.75;0.79;0.7;0.762;0.384985015723761;0.596155301056045;0.645779740684664;0.5296;0.801477432560032;0.0544550048263435;1.16998179487188
20180713;32;5817.13;1.05;1.17;1.01;1.086;0.423476784726712;0.755005057718257;0.56089264621157;0.331;0.990318707433913;0.0567826216857515;1.21999132768945
20180713;32.5;6151.49;1.52;1.62;1.41;1.55;0.510638418903288;0.879200585588053;0.580798542760009;0.1714;1.25435865447346;0.0647482100669211;1.391134336879
20180713;33;6515.49;1.96;2.08;1.85;1.996;0.516046435682786;0.95848266246889;0.538399342929727;0.0748;1.59960393895073;0.0617783497223651;1.32732601388787
20180713;33.5;6894.35;2.44;2.56;2.29;2.476;0.521153529750515;1.00161545175026;0.520312989221393;0.0319;2.01926089272749;0.0589612876058514;1.2668006057669
20180713;34;7280.41;2.91;3.05;2.78;2.952;0.506977426594375;1.02253483498128;0.49580455281375;0.0108;2.47171711828308;0.0543159509895201;1.16699418228954
20180713;34.5;7667.46;3.4;3.6;3.25;3.46;0.518392386908781;1.03134070367355;0.5026393170194;0.004;2.95342129828436;0.0527353337074924;1.13303415509774
20180713;35;8058.28;3.9;4.1;3.75;3.96;0.519437962463277;1.03452944362225;0.502100704494734;0.0013;3.44504059030412;0.0502789194122513;1.08025737148969
20180713;35.5;8448.99;4.4;4.6;4.27;4.46;0.519832159429122;1.03591738486435;0.501808510045608;0.0004;3.94174453838623;0.0479902431361281;1.0310844885571
20180713;36;8839.21;4.9;5;4.76;4.93;0.489973879163041;1.03648478139471;0.47272655417451;0.0002;4.4409143036977;0.0432368532648474;0.928956509116795
20180713;36.5;9229.2;5.4;5.5;5.26;5.43;0.490048676865283;1.03682019790031;0.472645766216448;0.0001;4.94044536767148;0.0414161539412865;0.889838248650287
20180713;37;9619.78;5.9;6;5.76;5.93;0.490098676865283;1.03707047364719;0.472579915559348;0.0001;5.44044536767148;0.0397386393404965;0.853796354065667
20180713;37.5;10011.1;6.4;6.5;6.26;6.43;0.490146147293836;1.03733033421033;0.472507292160658;0;5.93985385270616;0.0381890096881653;0.820502105211905
20180713;38;10402.88;6.9;7;6.76;6.93;0.490146147293836;1.03733033421033;0.472507292160658;0;6.43985385270616;0.0367507839068789;0.789601401293383
20180713;38.5;10794.85;7.4;7.55;7.26;7.445;0.505146147293837;1.03733033421033;0.486967488209412;0;6.93985385270616;0.0365001824841654;0.784217156020082
20180713;39;11186.92;7.9;8.05;7.76;7.945;0.505146147293837;1.03733033421033;0.486967488209412;0;7.43985385270616;0.035220954014974;0.756732556115838
20180713;39.5;11579.07;8.4;8.5;8.26;8.43;0.490146147293836;1.03733033421033;0.472507292160658;0;7.93985385270616;0.0330176771441223;0.70939450452298
20180713;40;11971.25;8.9;9;8.76;8.93;0.490146147293836;1.03733033421033;0.472507292160658;0;8.43985385270616;0.031936012938431;0.686154630927172
20180720;16;1962.29;-1;0.02;-1;0.006;0.006;0;∞;1;0;0.0023849685826254;0.0362962406168303
20180720;17;1962.29;-1;0.02;-1;0.006;0.006;0;∞;1;0;0.0023849685826254;0.0362962406168303
20180720;18;1962.29;-1;0.02;-1;0.006;0.006;0;∞;1;0;0.0023849685826254;0.0362962406168303
20180720;19;1963.9;-1;0.02;-1;0.006;0.006;0;∞;1;0;0.00238301339172056;0.0362664850552472
20180720;20;1966.28;-1;0.02;-1;0.006;0.006;0;∞;1;0;0.00238012897451024;0.0362225878308278
20180720;21;1968.76;-1;0.02;-1;0.006;0.006;0;∞;1;0;0.00237713078282777;0.0361769591011601
20180720;22;1971.73;0.01;0.02;-1;0.013;0.013;0;∞;1;0;0.00514269195072348;0.0782653431250729
20180720;23;1974.75;0.01;0.03;0.01;0.016;0.016;0;∞;1;0;0.00631978731484998;0.0961792631978731
20180720;24;1979.55;0.02;0.03;0.02;0.023;0.023;0;∞;1;0;0.0090626657573691;0.137922444494961
20180720;25;1982.81;0.02;0.04;0.03;0.026;0.026;0;∞;1;0;0.0102279088767961;0.15565598821874
20180720;25.5;2024.32;0.02;0.04;0.03;0.026;0.026;0;∞;1;0;0.0100181789440405;0.152464160804616
20180720;26;2065.93;0.02;0.05;0.04;0.029;0.029;0;∞;1;0;0.0109490641018815;0.166631069300509
20180720;26.5;2109.8;0.03;0.05;0.04;0.036;0.0359636256857157;0.00304244864110549;11.8206188265016;0.9998;0.18187157142124;0.0132958707151665;0.20234653244644
20180720;27;2155.84;0.05;0.06;0.05;0.053;0.0527487136268626;0.0114317366496463;4.61423449852606;0.9994;0.418810621895643;0.0190849026963749;0.290448362910455
20180720;27.5;2203.99;0.05;0.06;0.06;0.053;0.0521854671615344;0.0248028420672641;2.10401158947874;0.9983;0.479136963803301;0.0184686248059187;0.281069383765076
20180720;28;2253.87;0.07;0.08;0.07;0.073;0.0705999935868872;0.0456900591982712;1.54519374292162;0.9953;0.510639662364435;0.0244326403021345;0.37183424459811
20180720;28.5;2644.51;0.09;0.1;0.1;0.093;0.0868839255609295;0.0779554550629084;1.11453297900469;0.9899;0.605551924660444;0.0256264721772748;0.390002873447901
20180720;29;3061.37;0.11;0.13;0.12;0.116;0.102424365565783;0.123878901518471;0.826810411702846;0.9788;0.640360114821559;0.0260964878931036;0.397155925123171
20180720;29.5;3490.9;0.16;0.18;0.16;0.166;0.136296264713832;0.187875507988162;0.725460525287944;0.9551;0.661553124413551;0.0304537759537049;0.463468402795447
20180720;30;3944.37;0.24;0.25;0.24;0.243;0.179882662937739;0.276567024351028;0.650412547771516;0.9046;0.661607306732295;0.0355718345620305;0.541358857240902
20180720;30.5;4436.69;0.37;0.39;0.36;0.376;0.246072521510049;0.395770084802461;0.62175624424183;0.8209;0.725446557732838;0.0432612075168285;0.658381501896734
20180720;31;4979.34;0.56;0.58;0.53;0.566;0.318007271994008;0.543871408424297;0.58471040593095;0.6971;0.818728055483631;0.0498149698866369;0.758121572962255
20180720;31.5;5587.94;0.83;0.86;0.78;0.839;0.398542934059604;0.707651666840562;0.563190836303645;0.5322;0.94154994856861;0.0556311428838698;0.846636455763893
20180720;32;5879.98;1.18;1.21;1.08;1.189;0.470390019695691;0.86633386073692;0.542966217776099;0.3548;1.11377864275311;0.0623988883231982;0.949633081668673
20180720;32.5;6198.32;1.54;1.63;1.46;1.567;0.48867044557661;0.998319268071783;0.489493152346402;0.2101;1.36514692293124;0.0614945578075601;0.935870301633805
20180720;33;6547.63;2.01;2.07;1.88;2.028;0.528625505206742;1.09367328990752;0.483348647246785;0.1129;1.69019782977484;0.062973609391682;0.958379617929661
20180720;33.5;6917.77;2.47;2.54;2.32;2.491;0.531684964558938;1.15422660837394;0.460641749810264;0.0541;2.07137650432505;0.0599491270100006;0.912350776683446
20180720;34;7297.45;2.97;3.05;2.8;2.994;0.55397855874422;1.18991149663632;0.465562825731346;0.0254;2.50361321696674;0.0592129135273954;0.901146527745049
20180720;34.5;7676.78;3.45;3.55;3.28;3.48;0.548495677066396;1.208739336235;0.453774987397084;0.0105;2.96261174626943;0.0557299581480502;0.848140300565639
20180720;35;8065.02;3.9;4;3.77;3.93;0.501914233813736;1.21759947982118;0.412216202562313;0.0043;3.44289019402055;0.0485421117833203;0.738750263702406
20180720;35.5;8459.93;4.4;4.5;4.26;4.43;0.503517190512969;1.22239494747546;0.411910398969543;0.0023;3.93553453892656;0.046423954879073;0.706514563315892
20180720;36;8844.26;4.9;5;4.75;4.93;0.504183435346169;1.22464674288368;0.411697036942235;0.0008;4.42936005269599;0.0444653458367361;0.676706981952828
20180720;36.5;9234.88;5.4;5.5;5.24;5.43;0.50445037459381;1.22565862575172;0.411574939379568;0.0003;4.92702773372631;0.0426070822991931;0.648426533740845
20180720;37;9625.31;5.9;6;5.74;5.93;0.504553677770725;1.22609417336192;0.411512988751305;0.0002;5.42653162855499;0.0408871889488407;0.622251906815169
20180720;37.5;10016.37;6.4;6.5;6.24;6.43;0.504611404401258;1.22636004758104;0.411470844469038;0.0001;5.92598119371811;0.0392953630340115;0.598026306173862
20180720;38;10407.94;6.9;7;6.74;6.93;0.504661404401259;1.22661182304033;0.411427148281013;0.0001;6.42598119371811;0.0378207306568813;0.575584244684413
20180720;38.5;10799.46;7.4;7.5;7.24;7.43;0.504711404401259;1.2268839238256;0.411376654791837;0.0001;6.92598119371811;0.0364532018668509;0.554772165911137
20180720;39;11190.69;7.9;8;7.74;7.93;0.504731097418107;1.22699666976708;0.411354904095965;0;7.42526890258189;0.0351801592203987;0.535398048135443
20180720;39.5;11581.74;8.4;8.5;8.23;8.43;0.504731097418107;1.22699666976708;0.411354904095965;0;7.92526890258189;0.0339923237774396;0.517320677487909
20180720;40;11972.88;8.9;9;8.73;8.93;0.504731097418107;1.22699666976708;0.411354904095965;0;8.42526890258189;0.0328818342776444;0.500420415412901
20180720;41;12755.32;9.9;10;9.73;9.93;0.504731097418107;1.22699666976708;0.411354904095965;0;9.42526890258189;0.0308647886518036;0.469723502294636
20180720;42;13538.47;10.9;11;10.73;10.93;0.504731097418107;1.22699666976708;0.411354904095965;0;10.4252689025819;0.0290793757334561;0.442551749443535
20180720;43;14322.08;11.9;12;11.73;11.93;0.504731097418107;1.22699666976708;0.411354904095965;0;11.4252689025819;0.0274883435915819;0.418338229034387
20180720;44;15106.04;12.9;13;12.73;12.93;0.504731097418107;1.22699666976708;0.411354904095965;0;12.4252689025819;0.0260617776721181;0.396627678947548
20180720;45;15890.25;13.9;14;13.73;13.93;0.504731097418107;1.22699666976708;0.411354904095965;0;13.4252689025819;0.0247755860345887;0.377053449963897
20180720;45.5;7532.06;0.12;0.16;0.27;0.132;-13.7932689025819;1.22699666976708;-11.2414884591335;0;13.9252689025819;-1.42839405740447;-21.7383720611242
20180720;46;16674.56;14.9;15;14.73;14.93;0.504731097418107;1.22699666976708;0.411354904095965;0;14.4252689025819;0.0236102335525569;0.359318241877976
20180727;25;1992.1;0.02;0.04;0.04;0.026;0.026;0;∞;1;0;0.0101802118367552;0.119945883012091
20180727;26;2080.01;0.04;0.06;0.06;0.046;0.0459692773462771;0.00183545385918224;25.045182757554;0.9997;0.102408845742991;0.0172383961279494;0.203107231797856
20180727;26.5;2125.97;0.05;0.08;0.07;0.059;0.0586412891953356;0.012751798617103;4.59866807468907;0.9989;0.326100731513058;0.021514981665951;0.253495066241568
20180727;27;2180.27;0.07;0.1;0.09;0.079;0.077793251627352;0.029664372396113;2.62244724373624;0.9974;0.464133989480002;0.0278308357539821;0.327910089004579
20180727;27.5;2238.78;0.1;0.12;0.11;0.106;0.102923938120475;0.053992556057881;1.90626163373594;0.995;0.615212375904915;0.0358591160069193;0.422501358758944
20180727;28;2302.32;0.13;0.16;0.14;0.139;0.131973398611041;0.0874592225174101;1.50897063582711;0.9886;0.61636854289117;0.0447110961623978;0.526797673332768
20180727;28.5;2716.91;0.18;0.19;0.18;0.183;0.16810281457644;0.134340828947023;1.25131589475848;0.9783;0.686506240717047;0.0482607798453476;0.568620962532684
20180727;29;3161.69;0.22;0.28;0.25;0.238;0.207898334144418;0.197629468284374;1.05196019576022;0.9587;0.728853894808276;0.0512892474064966;0.604303148878157
20180727;29.5;3624.57;0.33;0.37;0.33;0.342;0.282272860318181;0.282163610110996;1.0003871874447;0.9186;0.733748644739788;0.060744538261968;0.715707825812381
20180727;30;4116.26;0.45;0.51;0.45;0.468;0.354102422235439;0.393169103869798;0.900636440529427;0.8596;0.811236308864395;0.0670997190030859;0.790586205350875
20180727;30.5;4639.44;0.63;0.67;0.61;0.642;0.438849172822704;0.530498408355019;0.827239376991718;0.7779;0.91468179728634;0.0737809638235884;0.869306356018247
20180727;31;5200.53;0.83;0.89;0.82;0.848;0.50649950074022;0.688220715650162;0.735955034805556;0.6647;1.01849239266263;0.0759671823020676;0.895064946317103
20180727;31.5;5803.6;1.1;1.16;1.07;1.118;0.574909216404798;0.855533928894768;0.671988797858083;0.5301;1.15575821152416;0.0772674182913609;0.910384662287728
20180727;32;6074.51;1.42;1.47;1.36;1.435;0.620954153178333;1.01828816609954;0.609801993041755;0.3896;1.33362687880352;0.0797338780377511;0.939445127525439
20180727;32.5;6359.13;1.76;1.83;1.71;1.781;0.629297517130983;1.16228868154742;0.541429618236638;0.2635;1.56375082534829;0.0771885561959209;0.909455488727745
20180727;33;6671.94;2.16;2.23;2.08;2.181;0.637598593928761;1.28026067801136;0.498022476890524;0.1718;1.86356122442796;0.0745400742909009;0.878250391443598
20180727;33.5;7006.81;2.57;2.69;2.49;2.606;0.630052959052807;1.36879818990288;0.460296458382599;0.1023;2.20112180121109;0.0701376672210592;0.826380095241673
20180727;34;7351.96;3;3.15;2.93;3.045;0.607975738977919;1.42952960718533;0.425297759432203;0.0576;2.58597650787572;0.0645026736275465;0.759987146531011
20180727;34.5;7722.97;3.45;3.6;3.38;3.495;0.57952752252785;1.46896276686776;0.394514779815395;0.0309;3.0084330589951;0.0585307812372343;0.689624769254833
20180727;35;8096.26;3.95;4.1;3.84;3.995;0.590977549209157;1.49319211306102;0.395781322470062;0.0162;3.46007567675426;0.0569352377990754;0.6708256647133
20180727;35.5;8475.56;4.45;4.55;4.33;4.48;0.581905005098701;1.50751480142571;0.386002846902977;0.0086;3.93190941587785;0.0535523203159421;0.63096725791606
20180727;36;8858.79;4.95;5.05;4.82;4.98;0.584965032310226;1.51584136173513;0.38590122098307;0.0039;4.41224271427545;0.0515050842385897;0.606846194133706
20180727;36.5;9245.76;5.4;5.6;5.31;5.46;0.566247374959641;1.51972571135597;0.372598404257047;0.0011;4.89914168088934;0.0477703241776252;0.562842287286375
20180727;37;9503.4;5.9;6.05;5.8;5.945;0.551623091328458;1.5209894701295;0.362673839735059;0.0006;5.3966148775981;0.0452749554092427;0.533441208491158
20180727;37.5;9890.52;6.4;6.55;6.3;6.445;0.551846027023531;1.52180843559341;0.362625159722121;0.0001;5.8937433473112;0.0435204520165122;0.512769196742938
20180727;38;10276.85;6.9;7.05;6.79;6.945;0.551890619511499;1.52198765859047;0.362611757327002;0;6.3931093804885;0.0418878044555451;0.493532921851221
20180727;38.5;10796.62;7.4;7.55;7.28;7.445;0.551890619511499;1.52198765859047;0.362611757327002;0;6.8931093804885;0.0398712451877503;0.469773300155671
20180727;39;11054.94;7.85;8.05;7.78;7.91;0.516890619511499;1.52198765859047;0.339615513039178;0;7.3931093804885;0.0364700923947999;0.429700040232279
20180727;39.5;11445.51;8.35;8.55;8.28;8.41;0.516890619511499;1.52198765859047;0.339615513039178;0;7.8931093804885;0.03522557607472;0.415036827783596
20180727;40;11973.99;8.85;9.05;8.78;8.91;0.516890619511499;1.52198765859047;0.339615513039178;0;8.3931093804885;0.0336708718830539;0.396718901783401
20180803;25;2001.05;0.02;0.05;0.05;0.029;0.0289356657706478;0.00643342293521719;4.49770923846016;0.9999;0.643342293521719;0.0112789881817572;0.10841185351018
20180803;25.5;2045.55;0.04;0.06;0.06;0.046;0.0458372450461773;0.0118302013075995;3.87459552499182;0.9996;0.406887384556677;0.0174784537830991;0.168000138007288
20180803;26;2090.06;0.05;0.08;0.06;0.059;0.0584800403885647;0.021387088467358;2.73436192485105;0.9991;0.577732901594728;0.0218244603040489;0.209773266475102
20180803;26.5;2138.88;0.06;0.09;0.08;0.069;0.0678844509710709;0.035115329610091;1.93318564071126;0.998;0.557774514464567;0.0247558870798901;0.237949677787628
20180803;27;2199.87;0.09;0.11;0.1;0.096;0.0933340689805059;0.0549868959870634;1.69738748305531;0.9956;0.605893413521379;0.0330931254141357;0.318085896250343
20180803;27.5;2256.72;0.11;0.14;0.13;0.119;0.113191573033044;0.0838022947260745;1.35069777507924;0.9908;0.631350757277868;0.0391228982619793;0.37604312079442
20180803;28;2325.46;0.15;0.18;0.16;0.159;0.147287707566659;0.123957198402934;1.18821423414143;0.9829;0.684929382066719;0.0494028759479819;0.474852643157905
20180803;28.5;2743.01;0.21;0.24;0.21;0.219;0.195340659409904;0.179053786727469;1.09096078323786;0.9692;0.768160408769364;0.0555469044369961;0.533908074884548
20180803;29;3190.55;0.28;0.31;0.28;0.289;0.243131155320252;0.253221522218175;0.960152017057899;0.9418;0.78812447903347;0.0594387491654406;0.571315871912558
20180803;29.5;3662.5;0.38;0.42;0.38;0.392;0.308287289007204;0.34981951638338;0.881275270729438;0.9028;0.86124188264193;0.0656557229831043;0.631072442620496
20180803;30;4160.41;0.5;0.55;0.5;0.515;0.367738217349973;0.469538404303718;0.783190925341442;0.8385;0.911837663467658;0.0689441207796778;0.662680003020455
20180803;30.5;4689.06;0.69;0.73;0.66;0.702;0.454196761056557;0.612196835903153;0.74191295090001;0.7564;1.01725467546569;0.0755531969358709;0.726205399495443
20180803;31;5252.81;0.91;0.95;0.87;0.922;0.527284264424387;0.772867740968239;0.682243851663173;0.6523;1.13521925676046;0.0782974686407888;0.752582905817055
20180803;31.5;5853.94;1.16;1.22;1.13;1.178;0.579187163258231;0.941334581586042;0.615282997765116;0.5301;1.27434100179138;0.0771729787700968;0.741774486730996
20180803;32;6119.28;1.47;1.52;1.42;1.485;0.619806349650087;1.10589913389399;0.560454684025006;0.4063;1.45729097246069;0.0790042215304852;0.759376103000256
20180803;32.5;6396.98;1.8;1.87;1.76;1.821;0.628599296364076;1.25450983900489;0.501071635167641;0.2916;1.68323080693947;0.0766467069091945;0.736716044699561
20180803;33;6702.78;2.17;2.3;2.13;2.209;0.637163609976342;1.37955482052534;0.461861754601174;0.1966;1.95648044563562;0.0741464908264253;0.712684362482943
20180803;33.5;7031.81;2.59;2.73;2.52;2.632;0.639994831596812;1.47810729655128;0.432982661739136;0.1263;2.27996471146067;0.0709911059379467;0.682355301153554
20180803;34;7377.85;3.05;3.15;2.94;3.08;0.638402719548983;1.55121732519898;0.411549503205227;0.0765;2.64385195500922;0.0674931207937552;0.648733220261028
20180803;34.5;7737.01;3.5;3.65;3.39;3.545;0.632416433572039;1.600077800722;0.395241052208009;0.0442;3.04727303455531;0.0637565181105092;0.612817585259565
20180803;35;8105.8;3.95;4.1;3.85;3.995;0.599530365726679;1.6332333059272;0.367081888148443;0.0258;3.48539276767945;0.0576912439570196;0.55451912777109
20180803;35.5;8481.43;4.45;4.6;4.33;4.495;0.608553258882005;1.65306003766862;0.368137420913201;0.0126;3.93604085590237;0.0559659800208177;0.537936163226412
20180803;36;8722.26;4.9;5.05;4.81;4.945;0.563103516708727;1.66432544103195;0.33833738451993;0.0066;4.41100914363929;0.0503563002057732;0.484016806583122
20180803;36.5;9103.41;5.4;5.6;5.29;5.46;0.580601232001341;1.67122071476875;0.347411462095048;0.0034;4.89604532209378;0.0497471783607512;0.478162023585904
20180803;37;9634.87;5.9;6.05;5.78;5.945;0.566655629974362;1.67442796233605;0.338417443282422;0.0013;5.38534531894026;0.0458741416729029;0.440935006474416
20180803;37.5;10011.71;6.35;6.55;6.27;6.41;0.532115611430139;1.67596902278255;0.317497283181694;0.0007;5.88200178982274;0.0414564721626484;0.398473064668614
20180803;38;10258.09;6.9;7.05;6.76;6.945;0.567401763491526;1.67701136928412;0.338341035656626;0.0004;6.38015029662713;0.0431438382314242;0.414691760895465
20180803;38.5;10776.99;7.35;7.55;7.26;7.41;0.532503648657149;1.67740897267374;0.317456063090179;0.0001;6.87818416975983;0.038540709971205;0.370447218867964
20180803;39;11189.07;7.85;8.05;7.75;7.91;0.532553648657149;1.6776214352539;0.317445662928448;0.0001;7.37818416975983;0.0371247874892709;0.356837595538321
20180817;24;1993.24;0.03;0.05;0.04;0.036;0.035913364072812;0.00866359271879514;4.1453199888887;0.9999;0.866359271879514;0.0140537135401624;0.0987138244335449
20180817;25;2000.75;0.04;0.06;0.06;0.046;0.0456938217329857;0.0202331940647126;2.25835928755694;0.9996;0.765445667535631;0.0178139102595171;0.125125590813243
20180817;26;2098.48;0.07;0.09;0.08;0.076;0.0747234497300459;0.0415058384171783;1.80031177732142;0.9981;0.671868563133718;0.0277745276530802;0.195089350486299
20180817;27;2214.44;0.12;0.13;0.13;0.123;0.117170117302792;0.0881508346152139;1.3292003168688;0.9922;0.747420858616467;0.0412712430664987;0.28989079865459
20180817;28;2357.91;0.2;0.21;0.21;0.203;0.181663925737427;0.178052647949548;1.02028207852827;0.9743;0.830197442123468;0.0600946864278929;0.422107388803613
20180817;29;3243.39;0.35;0.37;0.34;0.356;0.287382869022919;0.33023152337523;0.870246626020546;0.9251;0.916116568452352;0.069112452661529;0.485448525665836
20180817;30;4223.89;0.6;0.62;0.58;0.606;0.413253517441307;0.565724588952059;0.730485337762695;0.8182;1.06021167524034;0.0763130061635647;0.5360254904085
20180817;31;5320.1;1;1.02;0.96;1.006;0.547896431863478;0.876863000938983;0.624836982831715;0.6434;1.28464264760662;0.0803291699128799;0.564235179051527
20180817;32;6173.49;1.57;1.58;1.49;1.573;0.649182763254351;1.2127566370062;0.535295164293571;0.4273;1.61309103674812;0.0820220904769253;0.576126318205711
20180817;33;6744.09;2.26;2.31;2.17;2.275;0.682768069309542;1.50788116111322;0.452799654851762;0.2394;2.09338933827302;0.0789667833705427;0.554665723578667
20180817;34;7391.56;3.05;3.15;2.97;3.08;0.654139987514779;1.70884471003946;0.382796624919577;0.1079;2.71926915422623;0.0690286205160382;0.484859685451595
20180817;35;8114.32;4;4.1;3.85;4.03;0.674556620445281;1.82100724914069;0.370430497057931;0.0413;3.49999309435143;0.0648426687568791;0.455457399297117
20180817;36;8857.89;4.95;5.05;4.78;4.98;0.651100540673593;1.87490034502596;0.347272078967258;0.0141;4.39080987861488;0.0573340176639586;0.402716345226171
20180817;37;9627.13;5.9;6.05;5.75;5.945;0.624159691265029;1.89512921890831;0.329349410603556;0.0044;5.34435547281536;0.0505700618135127;0.355206059180491
20180817;38;10403.29;6.9;7;6.74;6.93;0.611574987318141;1.90241510015022;0.321472946293294;0.0012;6.32601623216045;0.0458536184330294;0.322077579474307
20180817;39;11182.78;7.9;8;7.73;7.93;0.612069371180615;1.90414742162798;0.321440117623518;0.0002;7.31939450772093;0.0426918985727055;0.299869537570783
20180817;40;11798.95;8.9;9;8.73;8.93;0.612269371180615;1.90496846385668;0.321406565408989;0.0002;8.31939450772093;0.0404756448260972;0.284302486014077
20180817;41;12758.9;9.9;10;9.72;9.93;0.612421678152101;1.90566685129829;0.32136869974669;0.0001;9.31851017286519;0.0374396624284726;0.262977628884608
20180817;42;13358.5;10.9;11;10.71;10.93;0.612437356628738;1.90574416078642;0.321363889881217;0;10.3175626433713;0.0357600881963107;0.251180234878894
20180817;43;14141.68;11.9;12;11.71;11.93;0.612437356628738;1.90574416078642;0.321363889881217;0;11.3175626433713;0.0337796597130197;0.237269629041931
20180817;44;6662.71;0.13;0.17;0.22;0.142;-12.1755626433713;1.90574416078642;-6.38887574413291;0;12.3175626433713;-1.42538679633806;-10.0119716800477
20180817;46;8014.43;0.43;0.49;0.68;0.448;-13.8695626433713;1.90574416078642;-7.27776735658364;0;14.3175626433713;-1.349847570174;-9.48138125011639
20180921;20;1968.46;-1;0.03;-1;0.009;0.009;0;∞;1;0;0.00356623959846784;0.014972057624602
20180921;21;1974.36;0.01;0.03;0.01;0.016;0.0159128079788849;0.00871920211151423;1.82503029237859;0.9999;0.871920211151423;0.00628658918511831;0.026392835630626
20180921;22;1983.5;0.02;0.04;0.03;0.026;0.0258128079788849;0.0187192021115142;1.37894808897903;0.9999;1.87192021115142;0.0101507387060903;0.0426156012919482
20180921;23;1994.94;0.03;0.06;0.05;0.039;0.038614891387881;0.0301679277771478;1.2799981381927;0.9997;1.28369537373015;0.01509800559543;0.063385592456676
20180921;24;2008.52;0.05;0.07;0.07;0.056;0.0552421007992264;0.0447981701850639;1.23313297331159;0.9995;1.51579840154724;0.0214530294064269;0.0900657355252578
20180921;25;2030.14;0.08;0.1;0.1;0.086;0.0840390419293657;0.0664541107997651;1.26461765747775;0.9978;0.891344577561039;0.0322886365989071;0.135556603652308
20180921;26;2142.8;0.13;0.14;0.14;0.133;0.127201424558327;0.106783028283284;1.19121387174819;0.9935;0.892088529488165;0.046302553273985;0.194390891762333
20180921;27;2277.38;0.2;0.21;0.21;0.203;0.184814366489592;0.180749678405986;1.02248794088848;0.9799;0.904757886089972;0.0632987054693909;0.265745427272357
20180921;28;2448.15;0.32;0.33;0.33;0.323;0.27057752063445;0.308620586385958;0.876731924473983;0.9466;0.981694370141386;0.0862081433306256;0.361925567258747
20180921;29;3360.45;0.5;0.51;0.49;0.503;0.368767896567174;0.506374982294287;0.728250623473455;0.8831;1.14826435785137;0.085595369466112;0.359352973534453
20180921;30;4363.48;0.78;0.79;0.77;0.783;0.484173219790443;0.775274306997271;0.624518593510087;0.78;1.35830354640708;0.0865490643790152;0.363356847867073
20180921;31;5465.39;1.19;1.2;1.16;1.193;0.601061259075885;1.09798582651469;0.54742169212131;0.6287;1.59423307547567;0.0857812127001348;0.36013319469798
20180921;32;6299.07;1.73;1.75;1.68;1.736;0.68656313101167;1.43797070000486;0.477452795811034;0.4581;1.93658768958909;0.085015604238261;0.356918959172699
20180921;33;6826.26;2.4;2.45;2.32;2.415;0.738943063168907;1.74879346781194;0.422544500977271;0.2931;2.37099580822053;0.084435047781911;0.354481623015437
20180921;34;7445.57;3.15;3.25;3.07;3.18;0.731168323324841;1.99358449344413;0.36676063930537;0.1679;2.9429535833135;0.0765973984790118;0.321577009131713
20180921;35;8129.17;4.05;4.15;3.91;4.08;0.752452335798087;2.15892629383895;0.34853081272177;0.0835;3.63071212678878;0.0721983698117407;0.30310867326136
20180921;36;8861.7;4.95;5.05;4.81;4.98;0.711234600407893;2.25840102426737;0.314928390824043;0.0396;4.44477863347783;0.0626023210352592;0.262821813311821
20180921;37;9620.36;5.95;6.05;5.76;5.98;0.738592376977155;2.31445486358138;0.31912152991148;0.0172;5.33313758956333;0.0598836274362062;0.251407987598555
20180921;38;10402.66;6.9;7;6.73;6.93;0.699592156572926;2.34116361494846;0.298822411259936;0.0065;6.27117045136092;0.0524559951134501;0.220224738105605
20180921;39;11182.1;7.9;8.1;7.72;7.96;0.733165686249087;2.35124817611218;0.311819778829722;0.0018;7.23986607268174;0.0511414882065344;0.214706075487778
20180921;40;11963.61;8.9;9;8.71;8.93;0.704424800316512;2.3553461250941;0.299074854778878;0.0009;8.23298488608096;0.0459268853002463;0.192813733976034
20180921;41;12746.02;9.9;10;9.71;9.93;0.705082954649547;2.35776601936007;0.299047042352794;0.0005;9.22953181125608;0.043147955567828;0.181147020358036
20180921;42;13529.28;10.85;11.05;10.71;10.91;0.685405919657204;2.3590889982522;0.290538390101012;0.0001;10.225616642007;0.0395155261279698;0.165897079520011
20180921;43;14313.16;11.85;12.05;11.7;11.91;0.685483824024584;2.35943951670101;0.290528245870457;0;11.2245161759754;0.0373556491186555;0.156829320006769
20180921;44;15097.35;12.85;13.05;12.7;12.91;0.685483824024584;2.35943951670101;0.290528245870457;0;12.2245161759754;0.0354153134648912;0.148683255667259
20180921;45;15881.82;13.85;14.05;13.7;13.91;0.685483824024584;2.35943951670101;0.290528245870457;0;13.2245161759754;0.0336660019279387;0.141339163266432
20180921;46;16666.17;14.9;15.05;14.7;14.945;0.720483824024584;2.35943951670101;0.305362277322528;0;14.2245161759754;0.0337196478098553;0.141564383477582
20181019;21;1992.87;0.03;0.05;0.05;0.036;0.0359431587428835;0.00568412571165115;6.32342783503332;0.9999;0.568412571165116;0.0140679842736602;0.044681141356125
20181019;22;2002.52;0.04;0.07;0.06;0.049;0.0487948246888901;0.0164115338719254;2.97320317952496;0.9998;1.02587655554953;0.0190060340257946;0.0603648167645347
20181019;23;2018.77;0.07;0.08;0.09;0.073;0.0725277254511853;0.0301056658615497;2.40910550807036;0.9996;1.18068637203664;0.028022818771789;0.0890029091860517
20181019;24;2042.45;0.1;0.12;0.12;0.106;0.104907711872556;0.0487633418718555;2.15136427991833;0.999;1.09228812744425;0.040063656520646;0.127245656905791
20181019;25;2079.88;0.14;0.16;0.16;0.146;0.142789812118772;0.0785226843750005;1.8184530146327;0.9963;0.867618346277966;0.0535492689254389;0.170077134565361
20181019;26;2214.09;0.22;0.23;0.23;0.223;0.212759154535675;0.134731593334495;1.57913336634759;0.9878;0.839413562649605;0.0749527528410436;0.238056460653836
20181019;27;2378.58;0.33;0.34;0.34;0.333;0.30252034103703;0.234703737945943;1.28894556040989;0.9688;0.976912146249036;0.0992045110985897;0.315082153728347
20181019;28;2583.6;0.49;0.51;0.52;0.496;0.415966081697629;0.391512295427679;1.0624598168577;0.9284;1.11779215506105;0.125581956852512;0.39885921513374
20181019;29;3543.85;0.73;0.75;0.75;0.736;0.552422763025969;0.614794218913859;0.898549052725187;0.8587;1.29920196018422;0.121588034245314;0.38617416963566
20181019;30;4598.28;1.08;1.09;1.07;1.083;0.712616723737602;0.901134941542731;0.790799125509007;0.7601;1.54390694565402;0.120880208363851;0.383926053086057
20181019;31;5737.18;1.52;1.55;1.5;1.529;0.850098696268291;1.23066313754169;0.690764735154419;0.6203;1.7879939524143;0.115575419123902;0.367077581173958
20181019;32;6600.31;2.09;2.13;2.03;2.102;0.96698878880599;1.57356567340062;0.614520769709117;0.4691;2.13790019060842;0.114275125754498;0.362947736363743
20181019;33;7132.44;2.79;2.85;2.67;2.808;1.0719812911718;1.89681390586308;0.56514837215095;0.3279;2.58297680230352;0.117231327163496;0.372336889099713
20181019;34;7738.98;3.55;3.65;3.39;3.58;1.10807667054435;2.16543853512878;0.511710054369401;0.2054;3.11090275541864;0.111681358916109;0.354709707340077
20181019;35;8402.07;4.4;4.5;4.21;4.43;1.11609361632712;2.36403855196161;0.472113119898583;0.1169;3.7525833809001;0.10361173148226;0.32907986890344
20181019;36;9109.91;5.25;5.4;5.1;5.295;1.06913561829915;2.49874582864364;0.427868895684961;0.0641;4.51529477690014;0.0915405072358938;0.290740611025306
20181019;37;9841.24;6.2;6.3;6.04;6.23;1.05034749359361;2.58323025714192;0.406602350173659;0.0306;5.34315298783411;0.0832487618433265;0.264405306637174
20181019;38;10590.97;7.15;7.25;7.01;7.18;1.02144884205483;2.62863541476799;0.388585209008526;0.0141;6.24662862150844;0.0752273018243626;0.238928452098682
20181019;39;11352.04;8.15;8.25;8;8.18;1.03025058211771;2.65055981090753;0.388691693686006;0.0052;7.18712245464646;0.0707886383462189;0.224830870921361
20181019;40;12119.66;9.1;9.2;8.99;9.13;0.983257308693978;2.65908972925521;0.369772143405398;0.0013;8.15734724272156;0.0632807109094895;0.200985040519052
20181019;41;12891.01;10.1;10.2;9.98;10.13;0.984277379222725;2.66238578413361;0.369697504053878;0.0007;9.15212911115509;0.0595559506814226;0.189154878142518
20181019;42;13568.07;11.05;11.2;10.98;11.095;0.949654284052742;2.66374210387791;0.356511346451379;0.0003;10.1483902330172;0.0545936409202737;0.173394150835913
20181019;43;14350.78;12.05;12.2;11.98;12.095;0.949954284052742;2.66494085341065;0.356463552591409;0.0003;11.1483902330172;0.0516323392569002;0.163988799248546
20181019;44;15231.37;13.05;13.15;12.98;13.08;0.935086602704712;2.66551114143773;0.35080948947013;0;12.1449133972953;0.0478858796096264;0.152089717629705
20181019;45;15918.72;14.05;14.15;13.98;14.08;0.935086602704712;2.66551114143773;0.35080948947013;0;13.1449133972953;0.0458182284825461;0.145522677854347
20181019;46;16801.2;15;15.2;14.97;15.06;0.915086602704713;2.66551114143773;0.343306238146554;0;14.1449133972953;0.0424831291877768;0.134930112485526
