Expiry;Strike;ReqMar;Bid;Ask;Last/Close;Premium;E[PnL];S[PnL];Sharpe;Prob(%);LGL;E[Return](%);Ann[Return](%)
20180706;120;9419.18;-1;0.03;-1;0.009;0.00836973306675176;0.0465308561900886;0.179874899197204;0.9998;3.15133466624119;0.000693095555246462;0.025315315155377
20180706;121;9513.13;-1;0.04;-1;0.012;0.0111697330667518;0.060212194581212;0.185506161076498;0.9998;4.15133466624119;0.000915828102009157;0.0334506214258845
20180706;122;9577.03;-1;0.04;-1;0.012;0.0108623004632024;0.0746784841579258;0.145454217311527;0.9995;2.27539907359523;0.00088467869071078;0.0323128891782112
20180706;123;9656.38;-1;0.04;-1;0.012;0.0103271390344658;0.0914516969801174;0.112924520544557;0.9994;2.78810160922359;0.000834180971221447;0.0304684599738634
20180706;124;9748.61;-1;0.05;-1;0.015;0.0126523268502645;0.111122966956021;0.113858792622697;0.9992;2.93459143716939;0.00101233047000611;0.0369753704169733
20180706;125;9817.84;0.01;0.04;0.01;0.019;0.0157604694758976;0.133682137965871;0.117895103382632;0.9988;2.69960877008537;0.00125212533420794;0.045733877831945
20180706;126;9900.88;0.01;0.06;0.01;0.025;0.0203577680711266;0.160108848214423;0.127149550434981;0.9983;2.7307246640432;0.00160380280293052;0.0585788973770372
20180706;127;10546.64;0.02;0.04;0.02;0.026;0.0193961942159725;0.191625518979122;0.101219265154793;0.9975;2.64152231361101;0.00143448828142978;0.0523946844792226
20180706;128;11342.93;0.04;0.05;0.04;0.043;0.0332703120559926;0.229677542010727;0.144856618390834;0.9961;2.49479178051471;0.00228784303558906;0.0835634668748906
20180706;129;12144.96;0.06;0.06;0.06;0.06;0.045150635683054;0.277086547799981;0.162947772244962;0.9933;2.21632303237999;0.00289976219211773;0.1059138140671
20180706;130;12914.48;0.09;0.08;0.09;0.087;0.0637569883185184;0.337616211931639;0.188844569855633;0.9899;2.30128828529521;0.00385075131855439;0.140648691910199
20180706;131;13769.41;0.06;0.1;0.13;0.072;0.0362464886049849;0.413995063157559;0.0875529488891276;0.9848;2.35220469704047;0.00205326597957997;0.0749955399041584
20180706;132;14583.84;0.08;0.13;0.17;0.095;0.0416831112268254;0.507949512604153;0.082061524211579;0.9792;2.56331196024878;0.00222937352281181;0.0814278679207015
20180706;133;15349;0.12;0.16;0.2;0.132;0.0534518780213955;0.620462325855105;0.0861484667062251;0.9693;2.55857074848875;0.0027162984465886;0.0992128007616487
20180706;134;16231.13;0.17;0.21;0.27;0.182;0.0652186847385461;0.755177863333111;0.0863620186782116;0.9539;2.53321725079076;0.00313413632298342;0.11447432919697
20180706;135;17003.88;0.23;0.28;0.4;0.245;0.0736673625292971;0.916322815218499;0.0803945523409574;0.9357;2.66458223127065;0.00337926066126388;0.123427495652663
20180706;136;17914.37;0.32;0.37;0.53;0.335;0.0853088479634383;1.10581725038879;0.0771455210464887;0.907;2.68485109716733;0.00371438690902788;0.135667981852243
20180706;137;18725.13;0.44;0.5;0.7;0.458;0.098082830726205;1.32643263398997;0.0739448263054016;0.8724;2.82066747079777;0.00408566498424523;0.149228913549557
20180706;138;19626.62;0.59;0.66;0.9;0.611;0.102256471345649;1.57837626108197;0.0647858649847865;0.8277;2.95266122260215;0.00406387078618764;0.148432880465504
20180706;139;20568.09;0.8;0.87;1.17;0.821;0.112753528815962;1.85911171268629;0.0606491412251074;0.7719;3.10498233750126;0.00427593191572238;0.15617841322176
20180706;140;21560.33;1.08;1.14;1.51;1.098;0.128916309868019;2.16449863723639;0.059559432216884;0.7039;3.2728257012225;0.00466387674479261;0.17034809810355
20180706;141;22609.94;1.43;1.49;1.88;1.448;0.140154455641016;2.48520037021044;0.0563956360706432;0.6182;3.42547287679147;0.0048350626052078;0.176600661655215
20180713;120;9431.19;0.02;0.05;0.02;0.029;0.020826431827914;0.219468253013212;0.0948949633579137;0.9981;4.3018779853084;0.00172243553843926;0.0370070341420553
20180713;125;9886.2;0.1;0.08;0.1;0.094;0.0672371648334419;0.449854836366176;0.149464136868169;0.9928;3.71706043979973;0.00530486825778203;0.113976654773817
20180713;128;11456.34;0.1;0.14;0.18;0.112;0.0520706828244317;0.669132336242047;0.0778182132354698;0.9843;3.81715396022728;0.00354521012845785;0.0761698823187781
20180713;129;12265.51;0.12;0.17;0.21;0.135;0.0571061590381502;0.762959226885602;0.0748482448678908;0.979;3.70923052199285;0.00363154928329578;0.0780249044543401
20180713;130;13079.93;0.16;0.24;0.25;0.184;0.0813812883898122;0.869992596734361;0.0935425067929178;0.972;3.66495398607814;0.00485303858232066;0.104268961305448
20180713;131;13847.19;0.2;0.26;0.31;0.218;0.0834870312818917;0.992512210263219;0.0841168807986257;0.9641;3.74687935147934;0.00470275083969206;0.101039984952796
20180713;132;14698.74;0.27;0.31;0.39;0.282;0.104846914759144;1.13203866725256;0.0926177857631009;0.9512;3.63018617296837;0.00556378257674686;0.119539505068046
20180713;133;15511.19;0.33;0.39;0.48;0.348;0.114235725918425;1.2909495124338;0.0884896929106537;0.936;3.65256678252461;0.00574448937936881;0.123422043871439
20180713;134;16382.37;0.42;0.5;0.62;0.444;0.136967935246522;1.47126413493836;0.0930954082233915;0.9163;3.6682445012363;0.00652133906707558;0.140112887897021
20180713;135;17229.87;0.52;0.6;0.75;0.544;0.142184793559032;1.67408149226801;0.0849330180255464;0.8935;3.77291273653491;0.00643673683992073;0.138295184163591
20180713;136;18125.23;0.66;0.74;0.94;0.684;0.159854260858781;1.89999463884237;0.084134058902491;0.8621;3.80091181393197;0.00687915813867462;0.14780073589123
20180713;137;19270.69;0.83;0.91;1.13;0.854;0.176978028400447;2.15000782361407;0.0823150625112401;0.8306;3.99658778984388;0.00716335855915636;0.153906865513639
20180713;138;19980.47;1.01;1.12;1.36;1.043;0.176883706856602;2.42219986018601;0.0730260577436487;0.7889;4.10287206605115;0.00690520750253368;0.148360414135319
20180713;139;20965.54;1.27;1.38;1.66;1.303;0.200191567549451;2.71320745166242;0.0737840991210571;0.7369;4.19159419403477;0.00744790845781086;0.160020503777377
20180713;140;21990.54;1.6;1.69;2.01;1.627;0.233782521214922;3.02053632766203;0.0773976856606375;0.6818;4.37843330856404;0.00829221867892463;0.178160757204542
20180713;141;23058.56;1.97;2.07;2.41;2;0.258654867200545;3.34030788594729;0.0774344389895043;0.6234;4.62385855761937;0.00874949677761426;0.187985511648448
20180720;80;6279.37;-1;0.03;-1;0.009;0.009;0;∞;1;0;0.00111794654559295;0.0170137489907427
20180720;85;6671.83;-1;0.03;-1;0.009;0.009;0;∞;1;0;0.00105218508265348;0.0160129417266327
20180720;90;7064.29;-1;0.03;-1;0.009;0.009;0;∞;1;0;0.000993730438586185;0.0151233351122335
20180720;95;7456.82;-1;0.03;-1;0.009;0.009;0;∞;1;0;0.000941420069144756;0.0143272366772968
20180720;100;7860.89;-1;0.03;-1;0.009;0.009;0;∞;1;0;0.000893028651971978;0.0135907797971985
20180720;105;8257.27;0.01;0.04;0.01;0.019;0.019;0;∞;1;0;0.00179478205266389;0.0273143393639786
20180720;110;8659.54;0.01;0.05;0.03;0.022;0.0216046619121638;0.0285960608854378;0.755511816774938;0.9997;1.31779362612057;0.00194601979914496;0.0296159888182374
20180720;115;9073.63;0.03;0.08;0.06;0.045;0.0416785817206012;0.122948789537136;0.338991395340355;0.9986;2.37244162814199;0.00358283220079163;0.0545262275557976
20180720;120;9505.85;0.09;0.13;0.14;0.102;0.0812328947055118;0.339045220433744;0.23959309794012;0.9937;3.29636591976003;0.00666554362527277;0.10144124204712
20180720;125;9983.47;0.21;0.24;0.29;0.219;0.136492856577541;0.748724694398476;0.182300460501305;0.9787;3.87357480856614;0.0106640705216205;0.162293823250911
20180720;130;13258.11;0.48;0.53;0.66;0.495;0.198593090975149;1.47182721991288;0.134929622368924;0.9275;4.08837115896347;0.0116836118391397;0.177809967676907
20180720;131;14116.17;0.58;0.62;0.77;0.592;0.216047692791582;1.66812448393692;0.129515329864166;0.9119;4.26733606365968;0.0119378840278513;0.181679672548862
20180720;132;14983.39;0.69;0.73;0.89;0.702;0.227924939738491;1.88306938605161;0.121039055399015;0.8923;4.40181114448941;0.0118652356373306;0.180574054855625
20180720;133;15867.67;0.82;0.86;1.04;0.832;0.240023774840163;2.11727622303383;0.11336441236573;0.8706;4.57477762874681;0.0117987419939618;0.179562104720605
20180720;134;16769.73;0.97;1.01;1.22;0.982;0.247468508780098;2.36980863608547;0.104425524074752;0.8446;4.72671487271494;0.0115103485177446;0.175173116504425
20180720;135;17691;1.13;1.18;1.41;1.145;0.24194983968489;2.64064752160764;0.0916251933304561;0.8161;4.91055008327955;0.0106676205389302;0.162347850076844
20180720;136;18636.43;1.34;1.4;1.64;1.358;0.256562111906061;2.92833364265351;0.0876136886074149;0.7865;5.15895966320346;0.0107380247872971;0.163419314731678
20180720;137;19606.96;1.58;1.64;1.9;1.598;0.265855184697572;3.23141279488742;0.0822721210729233;0.7515;5.36074372355102;0.0105761955991192;0.160956476774095
20180720;138;20603.92;1.85;1.92;2.18;1.871;0.272711336893295;3.54780269853043;0.0768676727728567;0.717;5.64766312051839;0.0103239986748527;0.157118354832914
20180720;139;21636.1;2.17;2.24;2.56;2.191;0.291019075566621;3.87597053760261;0.0750828915605287;0.678;5.90056187712229;0.0104914877885554;0.159667329782078
20180720;140;22691.71;2.53;2.6;2.93;2.551;0.308606553705089;4.21191387179106;0.0732699108051462;0.636;6.16042155575525;0.0106079758594645;0.161440132611226
20180720;141;23796.19;2.94;3.05;3.36;2.973;0.343592111872914;4.55185667757397;0.0754839478065553;0.5889;6.39602989084672;0.0112623847456619;0.171399417848042
20180727;115;9112.83;0.06;0.13;0.11;0.081;0.0684873435926086;0.290984727723366;0.235364048582365;0.9965;3.57504468782612;0.00586207884951598;0.0690685257995391
20180727;120;9595.55;0.15;0.22;0.22;0.171;0.125933605355499;0.585809512907168;0.214973643446885;0.9893;4.21181258359823;0.0102368506419423;0.120613216031271
20180727;125;10153.15;0.31;0.39;0.44;0.334;0.192692258456124;1.08248118569453;0.178009799156454;0.9678;4.38843917838125;0.0148032838671522;0.174416110725076
20180727;128;11713.04;0.48;0.55;0.67;0.501;0.22916084805019;1.52321858046421;0.150445150150645;0.9434;4.80281187190477;0.0152603817180807;0.179801755565451
20180727;129;12560.4;0.58;0.66;0.75;0.604;0.269596318524139;1.69904542336463;0.15867516831319;0.9325;4.95412861445721;0.0167419133505962;0.197257543590492
20180727;130;13427.1;0.67;0.77;0.86;0.7;0.290712342798006;1.89012996450789;0.153805478065999;0.9181;4.99740729184364;0.016887907841786;0.198977688361688
20180727;131;14296.13;0.78;0.88;1;0.81;0.311044993984191;2.09682863528894;0.148340683997445;0.9026;5.12274133486457;0.016970683346309;0.199952970717399
20180727;132;15189.37;0.91;1.03;1.15;0.946;0.341199854651079;2.31966001784509;0.147090458095685;0.8852;5.26829394903241;0.0175211932178781;0.20643922009129
20180727;133;16092.33;1.06;1.17;1.32;1.093;0.362629573832189;2.5582807266386;0.141747373560781;0.8629;5.32728246657776;0.0175767628173862;0.207093955453235
20180727;134;17023.2;1.2;1.35;1.5;1.245;0.365644799024466;2.81259582231708;0.130002610443771;0.8372;5.40144472343694;0.0167537797381857;0.197397356431366
20180727;135;17967.95;1.41;1.55;1.73;1.452;0.395505341257064;3.08207625119441;0.128324320692518;0.8087;5.52271123232063;0.0171691353872039;0.202291183876652
20180727;136;18924.8;1.62;1.79;1.99;1.671;0.409502777609541;3.36712353636036;0.121617984367804;0.7804;5.74452287063051;0.016877967880001;0.198860573166785
20180727;137;20175.08;1.86;2.05;2.29;1.917;0.418393495436942;3.66579048656932;0.114134590334567;0.7476;5.93742672172368;0.0161757438602878;0.190586788547423
20180727;138;21198.84;2.16;2.35;2.59;2.217;0.448899856822969;3.97723051425249;0.112867447640846;0.7129;6.15848186407883;0.0165170305696876;0.194607916631561
20180727;139;21972.41;2.49;2.7;2.96;2.553;0.481974244287144;4.29996742417736;0.112087882707472;0.6809;6.49020919997761;0.0171096347894461;0.201590132478876
20180727;140;23030.18;2.9;3.1;3.34;2.96;0.554214383289483;4.63279668616958;0.119628470842244;0.6486;6.84628803844769;0.0187704663604799;0.221158478650493
20180727;141;24142.61;3.3;3.5;3.77;3.36;0.582581895374987;4.97123144916921;0.117190660167783;0.6076;7.07802778956425;0.0188220692954279;0.221766477746936
20180803;115;9124.6;0.1;0.15;0.18;0.115;0.0955771837310545;0.397847064817435;0.240235990618438;0.9956;4.41427642476033;0.00817024344192869;0.0785310899253804
20180803;120;9654.42;0.2;0.27;0.3;0.221;0.158446174442457;0.722789662469039;0.21921477667681;0.9848;4.11538326036467;0.012801184956229;0.123042968559543
20180803;125;10164.61;0.41;0.49;0.55;0.434;0.240520077206088;1.29073859836979;0.186342980298154;0.9598;4.81293340283364;0.0184567494690646;0.177403361673048
20180803;130;13536.22;0.81;0.91;1.07;0.84;0.322343918666087;2.18088683503669;0.147804055436313;0.903;5.33666063230838;0.0185744806570481;0.178534975262811
20180803;131;14420.29;0.94;1.03;1.2;0.967;0.345134321857686;2.40309467675349;0.143620775825592;0.8888;5.59231724948124;0.0186684713725587;0.17943839917966
20180803;132;15319.35;1.08;1.18;1.36;1.11;0.367780661170065;2.64043797334327;0.139287748806456;0.8707;5.74028877672031;0.0187259195535483;0.179990582024566
20180803;133;16222.36;1.25;1.35;1.53;1.28;0.398059252546033;2.89236498946146;0.137624142871453;0.8497;5.86786924453737;0.0191393987672512;0.183964878940487
20180803;134;17163.46;1.41;1.53;1.74;1.446;0.40032984697777;3.15808735389449;0.126763386226189;0.8229;5.90440515540503;0.0181931429118989;0.17486961706766
20180803;135;18108.16;1.62;1.75;1.96;1.659;0.425063501803403;3.43801764737119;0.123636218717033;0.7982;6.11465063526559;0.0183093992656711;0.175987054783852
20180803;136;19060.13;1.85;1.99;2.21;1.892;0.442762613878268;3.73105306916624;0.118669610340656;0.77;6.30103211357275;0.0181192278764651;0.174159157417865
20180803;137;20313.95;2.11;2.26;2.49;2.155;0.460242852149581;4.03585031857602;0.114038632709245;0.7389;6.49083549540566;0.0176720640090516;0.169861088929108
20180803;138;21371.3;2.46;2.57;2.83;2.493;0.520565137801854;4.35105513947496;0.119641126373928;0.705;6.68621987185812;0.0189993499452746;0.182618751776619
20180803;139;22149.29;2.8;2.91;3.19;2.833;0.549686491760765;4.67539957990556;0.1175699493415;0.6723;6.96769456282952;0.0193575262942242;0.186061486288563
20180803;140;23216.77;3.15;3.3;3.58;3.195;0.565718264901071;5.00671196090356;0.112991973438587;0.6377;7.25719496301112;0.0190060997556006;0.182683629887714
20180803;141;24331.22;3.55;3.75;4.02;3.61;0.599546244772384;5.34333731337238;0.112204453810532;0.6003;7.53178322548816;0.0192200009256609;0.184739614160464
20180817;70;5506.16;-1;0.03;-1;0.009;0.009;0;∞;1;0;0.00127493570837026;0.0089551974515815
20180817;75;5886.92;-1;0.03;-1;0.009;0.009;0;∞;1;0;0.0011924741630598;0.00837598438572292
20180817;80;6279.69;-1;0.03;-1;0.009;0.009;0;∞;1;0;0.00111788957735175;0.00785209938707165
20180817;85;6673.64;-1;0.04;-1;0.012;0.012;0;∞;1;0;0.00140253295053374;0.00985144538812402
20180817;90;7071.59;0.01;0.04;0.01;0.019;0.0186212813702953;0.0296583896484523;0.62785881469013;0.9998;1.89359314852371;0.00205393687541703;0.0144269316105013
20180817;95;7490.28;0.01;0.05;0.03;0.022;0.020319950454861;0.10180942989264;0.199588097844069;0.9996;4.20012386284739;0.00211601720560401;0.0148629862374397
20180817;100;7880.44;0.04;0.08;0.04;0.052;0.0479017674900621;0.197239210752646;0.242861281523453;0.9995;8.19646501987574;0.00474128077140978;0.033302938495335
20180817;105;8284.51;0.08;0.11;0.05;0.089;0.0811773401571319;0.309055207122834;0.262662910335201;0.9988;6.51888320239006;0.00764297771655329;0.0536845694417517
20180817;110;8735.13;0.14;0.17;0.13;0.149;0.131387237416129;0.461486276145427;0.284704538807834;0.9964;4.89243405107538;0.0117321717232119;0.0824072254212146
20180817;115;9215.49;0.23;0.26;0.25;0.239;0.192101578500426;0.714585190206295;0.268829498754331;0.9909;5.15367269226085;0.0162594969155555;0.114207331700128
20180817;120;9731.88;0.39;0.42;0.43;0.399;0.27468854983955;1.13899764466086;0.241166916478865;0.9766;5.31245513506198;0.0220159998761646;0.154641229899406
20180817;125;10343.26;0.65;0.69;0.76;0.662;0.358142779334795;1.80246892074948;0.19869567525518;0.949;5.9579847189256;0.0270080581829268;0.189705639448347
20180817;130;13829.59;1.16;1.21;1.38;1.175;0.484118613387258;2.7546783454425;0.175744153283164;0.8898;6.26934107634067;0.027304679201774;0.19178911689323
20180817;135;18482.52;2.07;2.17;2.36;2.1;0.616478124614217;4.03970830417474;0.152604613550224;0.7876;6.98456626829465;0.0260166328617033;0.18274182986033
20180817;140;23652.15;3.65;3.8;4.08;3.695;0.818840068938607;5.60943047268047;0.145975616049899;0.6488;8.18952144379668;0.0270036869279162;0.189674935585027
20180921;60;4709.55;-1;0.03;-1;0.009;0.009;0;∞;1;0;0.00149058827276491;0.00625790076583201
20180921;65;5102.24;-1;0.04;-1;0.012;0.012;0;∞;1;0;0.00183448838157358;0.00770168829160634
20180921;70;5495.88;-1;0.04;-1;0.012;0.012;0;∞;1;0;0.00170309395401646;0.00715005823798291
20180921;75;5892.18;0.01;0.04;0.01;0.019;0.019;0;∞;1;0;0.00251519811003737;0.0105594955136914
20180921;80;6295.31;0.02;0.05;0.02;0.029;0.028630766172774;0.0310127755860649;0.923192640185317;0.9998;1.84616913612992;0.00354740237013963;0.0148929737436035
20180921;85;6713.35;0.05;0.11;0.05;0.068;0.0657953249563135;0.109193175699715;0.602558946881929;0.9994;3.67445840614416;0.00764452225281335;0.0320938132510354
20180921;90;7120.64;0.04;0.09;0.07;0.055;0.0484209283746252;0.231978859542597;0.20872991819211;0.999;6.57907162537475;0.00530406313648881;0.0222679202368108
20180921;95;7542.53;0.09;0.2;0.11;0.123;0.109583125135068;0.387730100775427;0.282627335138312;0.9981;7.06151308680627;0.0113323828483749;0.0475764693720567
20180921;97.5;7753.52;0.11;0.16;0.13;0.125;0.10664496432156;0.47897546374863;0.222652249213184;0.9978;8.34319803565437;0.0107284268526833;0.0450408954935929
20180921;100;7983.31;0.14;0.18;0.15;0.152;0.126621353812048;0.58081039593683;0.21800807061625;0.9968;7.93082693373491;0.0123713918128443;0.0519385156280616
20180921;105;8432.64;0.22;0.26;0.26;0.232;0.184222137535061;0.829761556426218;0.22201816426457;0.9941;8.09794279066756;0.0170401282726819;0.0715391592137592
20180921;110;8916.49;0.34;0.38;0.4;0.352;0.26131410294387;1.16081925923912;0.225111791404248;0.9882;7.68524551323136;0.0228593314517505;0.0959697794569179
20180921;115;9451.8;0.52;0.57;0.6;0.535;0.358490620095361;1.61571460914004;0.221877439287479;0.9766;7.54313589336063;0.0295840669157602;0.124202074034269
20180921;120;10070.81;0.82;0.86;0.92;0.832;0.495537694158284;2.23939970940783;0.221281485425092;0.9571;7.84294419211458;0.0383801701594471;0.161130541962507
20180921;125;10828.06;1.27;1.37;1.48;1.3;0.668243025341716;3.0699150051628;0.217674764355985;0.9216;8.05812467676383;0.0481369294006995;0.202092108777075
20180921;130;14502.47;2.04;2.14;2.31;2.07;0.911821798814923;4.14661548432057;0.219895430927405;0.8646;8.55375333223838;0.0490413704062577;0.205889201619375
20180921;135;19335.42;3.2;3.3;3.59;3.23;1.19110473873156;5.47926640205736;0.217383980140904;0.7801;9.27192024223938;0.0480497292642527;0.201726018549061
20180921;140;24629.04;4.95;5.05;5.36;4.98;1.57892478279583;7.02589492316563;0.224729347657882;0.6714;10.3501984698849;0.0500044390922566;0.209932429637319
