Expiry;Strike;ReqMar;Bid;Ask;Last/Close;Premium;E[PnL];S[PnL];Sharpe;Prob(%);LGL;E[Return](%);Ann[Return](%)
20180706;29;2276.25;-1;0.02;-1;0.006;0.006;0;∞;1;0;0.00205601317957166;0.075095881383855
20180706;29.5;2315.49;-1;0.02;-1;0.006;0.006;0;∞;1;0;0.00202117046499877;0.07382325123408
20180706;30;2354.74;-1;0.02;-1;0.006;0.006;0;∞;1;0;0.00198748057110339;0.0725927278595514
20180706;30.5;2393.99;-1;0.02;-1;0.006;0.006;0;∞;1;0;0.00195489538385708;0.0714025538953797
20180706;31;2433.24;-1;0.02;-1;0.006;0.006;0;∞;1;0;0.00192336144400059;0.0702507767421216
20180706;31.5;2472.5;-1;0.02;-1;0.006;0.006;0;∞;1;0;0.00189282103134479;0.0691352881698686
20180706;32;2511.78;-1;0.02;-1;0.006;0.006;0;∞;1;0;0.00186322050498053;0.0680541289444139
20180706;32.5;2661.96;-1;0.06;-1;0.018;0.018;0;∞;1;0;0.00527430915565974;0.192644141910472
20180706;33;3054.77;-1;0.03;-1;0.009;0.009;0;∞;1;0;0.00229804535202323;0.0839361064826484
20180706;33.5;3448.83;-1;0.03;-1;0.009;0.0089781912837975;0.00180521525408557;4.97347408486496;0.9998;0.109043581012482;0.00203054056052692;0.0741654939732457
20180706;34;3842.65;0.01;0.03;0.01;0.016;0.0157201388983725;0.0112275224680014;1.40014316989123;0.9992;0.349826377034348;0.00319095112506488;0.116549489842995
20180706;34.5;4239.98;0.02;0.03;0.02;0.023;0.0217825462048611;0.0274498787970023;0.793538884668587;0.996;0.304363448784732;0.0040071854206368;0.146362447488759
20180706;35;4648.83;0.02;0.04;0.06;0.026;0.0213442494652706;0.0576624515522699;0.370158550160193;0.9869;0.355400804177816;0.00358122679962723;0.130804308856385
20180706;35.5;5076.41;0.06;0.08;0.11;0.066;0.0475198767274466;0.114459378086547;0.415168049327642;0.9502;0.371086812701875;0.0073015189567841;0.266687979896539
20180706;36;5540.53;0.14;0.17;0.21;0.149;0.0802823824934;0.217306848453477;0.369442486809556;0.8305;0.40541367260531;0.0113022144713325;0.41281338356542
20180713;29;2276.27;-1;0.02;-1;0.006;0.006;0;∞;1;0;0.00205599511481503;0.0441736597462464
20180713;29.5;2315.54;-1;0.02;-1;0.006;0.006;0;∞;1;0;0.0020211268213894;0.0434245042066163
20180713;30;2354.84;-1;0.02;-1;0.006;0.006;0;∞;1;0;0.00198739617128977;0.0426997912684464
20180713;30.5;2394.21;-1;0.07;-1;0.021;0.021;0;∞;1;0;0.00684150513112885;0.146991749949695
20180713;31;2435.29;-1;0.03;-1;0.009;0.00898605931844685;0.00139406815531508;6.44592539050994;0.9999;0.139406815531508;0.00287814850321257;0.0618378671057877
20180713;31.5;2474.43;-1;0.04;-1;0.012;0.0119360593184468;0.00639406815531508;1.86673945733984;0.9999;0.639406815531508;0.00376253370206009;0.0808391432163204
20180713;32;2515.01;-1;0.04;-1;0.012;0.0118724478028211;0.0114749475198499;1.03464070596259;0.9998;0.637760985894321;0.00368209640764867;0.0791109242878634
20180713;32.5;2667.89;-1;0.03;-1;0.009;0.00874478823946282;0.0177267236901807;0.493311025336666;0.9996;0.638029401342948;0.00255667768415527;0.0549309720081007
20180713;33;3064.93;0.01;0.03;0.01;0.016;0.0154652736247953;0.0262905514293153;0.588244551141316;0.9992;0.668407969005927;0.00393578757992525;0.0845615537392764
20180713;33.5;3464.61;0.02;0.04;0.02;0.026;0.0246092118418192;0.0398151110806406;0.61808723306024;0.9976;0.57949506590865;0.00554035958928105;0.11903625529323
20180713;34;3867.17;0.03;0.05;0.04;0.036;0.0328411160595985;0.0612579009200748;0.5361123310844;0.9949;0.619389007921861;0.00662398356588586;0.142318235143518
20180713;34.5;4276.21;0.04;0.06;0.08;0.046;0.0386216559128548;0.0931608763368501;0.414569478427908;0.9872;0.57643313180822;0.00704476431513577;0.151358833300197
20180713;35;4694.71;0.07;0.09;0.12;0.076;0.0584144220515696;0.141819718440619;0.411892102832146;0.9675;0.541094706105552;0.00970523188870543;0.208519761608803
20180713;35.5;5134.75;0.13;0.15;0.19;0.136;0.0901096982695693;0.218495037676919;0.412410731280824;0.9105;0.512740801457326;0.0136882155217419;0.294095336430366
20180713;36;5613.06;0.24;0.26;0.3;0.246;0.127288542711265;0.335846281216626;0.379008343490223;0.7841;0.5498446377431;0.0176882241263743;0.380036697774012
20180720;27;2121.19;-1;0.02;-1;0.006;0.006;0;∞;1;0;0.00220630872293382;0.0335772608771492
20180720;28;2199.77;-1;0.02;-1;0.006;0.006;0;∞;1;0;0.00212749514721994;0.0323778167717534
20180720;29;2281.52;-1;0.03;-1;0.009;0.009;0;∞;1;0;0.00307689610435148;0.0468265125880992
20180720;29.5;2322.79;-1;0.02;-1;0.006;0.006;0;∞;1;0;0.00201481838650933;0.0306630173196888
20180720;30;2364.48;-1;0.03;-1;0.009;0.009;0;∞;1;0;0.00296894031668697;0.0451835604445798
20180720;30.5;2407.69;0.01;0.04;0.01;0.019;0.019;0;∞;1;0;0.00615527746512217;0.093675628922328
20180720;31;2451.31;0.01;0.03;0.01;0.016;0.0159532882828934;0.00362182425370852;4.40476598679746;0.9998;0.233558585533165;0.00507629180342626;0.0772548158833934
20180720;31.5;2494.28;0.02;0.04;0.02;0.026;0.0258532882828934;0.0104794873869126;2.46703749223273;0.9998;0.733558585533165;0.00808472379229951;0.123039390214058
20180720;32;2536.4;0.04;0.04;0.04;0.04;0.039656986940557;0.0183736650820113;2.15836017275524;0.9994;0.571688432405055;0.0121954146876023;0.185598967276947
20180720;32.5;2691.33;0.02;0.04;0.05;0.026;0.0252858677308413;0.0291236770701944;0.868223736648942;0.9991;0.793480299065185;0.00732833834203024;0.111528149142773
20180720;33;3088.76;0.04;0.05;0.06;0.043;0.0414348434527224;0.0437238187133389;0.94764923723558;0.9973;0.579687610102799;0.0104634798084421;0.159241083334728
20180720;33.5;3491.65;0.05;0.06;0.07;0.053;0.0495117300567134;0.0656458036182275;0.75422536289838;0.9946;0.645975915423439;0.0110604297235509;0.16832591485529
20180720;34;3896.04;0.07;0.08;0.09;0.073;0.0651947031435991;0.0982082513671828;0.663841400656325;0.9877;0.634576980195197;0.013052193625324;0.198638071735399
20180720;34.5;4309.06;0.09;0.1;0.12;0.093;0.0761674796939422;0.145650656742266;0.522946352577888;0.975;0.673300812242313;0.0137873768667122;0.209826641690276
20180720;35;4733.64;0.13;0.14;0.18;0.133;0.0968295238686118;0.21281382539006;0.454996397396343;0.9412;0.615144151894357;0.0159553807677638;0.242820951059405
20180720;35.5;5182.19;0.2;0.21;0.25;0.203;0.123342608116935;0.309184950919356;0.398928239392564;0.8777;0.651327815887695;0.018564976261235;0.28253573247567
20180720;36;5671.86;0.32;0.33;0.38;0.323;0.154992475469822;0.439019239768399;0.353042558115647;0.761;0.702960353682753;0.0213147240704921;0.324383456947801
20180727;29.5;2316.76;-1;0.16;-1;0.048;0.048;0;∞;1;0;0.0161605000086327;0.190407181553326
20180727;30;2356.33;-1;0.18;-1;0.054;0.0539781409464343;0.00218590535657345;24.6937228019097;0.9999;0.218590535657345;0.0178680193089333;0.210525614599609
20180727;30.5;2395.95;-1;0.2;-1;0.06;0.0598646915660747;0.00872123724271119;6.8642429852607;0.9997;0.451028113084372;0.019488912298478;0.229623394097389
20180727;31;2437.11;0.01;0.22;0.01;0.073;0.0726712180715728;0.0174700024363891;4.15977149036925;0.9996;0.821954821067945;0.0232585111446864;0.27403778050312
20180727;31.5;2478.49;0.01;0.23;0.01;0.076;0.0753780904142015;0.0275290439501683;2.73812961142592;0.9992;0.77738698224814;0.0237220688899601;0.279499537485739
20180727;32;2520.7;0.03;0.25;0.03;0.096;0.0946497047107469;0.0410421926207187;2.30615614485875;0.9978;0.613770586024161;0.0292882015608294;0.345081149035256
20180727;32.5;2676.13;0.05;0.25;0.05;0.11;0.107105547195593;0.0609617477973246;1.756930387752;0.9959;0.705964098635832;0.0312175891352672;0.367813691343753
20180727;33;3077.13;0.02;0.07;0.08;0.035;0.02935307655799;0.0884910149689996;0.331706858241744;0.9933;0.842824394329851;0.00744050453352059;0.0876659445441417
20180727;33.5;3483.72;0.01;0.29;0.09;0.094;0.08413797718175;0.123925361054004;0.678940746802298;0.9893;0.921684375537381;0.0188383745541447;0.221958590512947
20180727;34;3900.48;0.03;0.12;0.12;0.057;0.0393711438847746;0.16857052233988;0.233558888815641;0.9783;0.812389682729283;0.00787325976036902;0.0927647783056382
20180727;34.5;4326.7;0.06;0.16;0.16;0.09;0.0574901225043307;0.22799235176479;0.25215811872339;0.9601;0.814783897134568;0.0103640870763811;0.122112348537038
20180727;35;4766.66;0.16;0.25;0.21;0.187;0.125131652663878;0.307685322419669;0.406687103823575;0.919;0.763806757236075;0.0204761172556517;0.24125489766538
20180727;35.5;5229.37;0.24;0.27;0.3;0.249;0.130980431812118;0.414306758597379;0.316143603970033;0.8516;0.795280109082763;0.0195367198751383;0.230186675303041
20180727;36;5722.95;0.38;0.4;0.45;0.386;0.169581386147372;0.549314807308846;0.308714390893938;0.7477;0.857782853161429;0.0231128144042757;0.272321143908442
20180803;29.5;2319.02;-1;0.06;-1;0.018;0.0178823507694364;0.00883627596257744;2.02374290313816;0.9996;0.294123076408885;0.00601471035185571;0.0578124462109289
20180803;30;2361.4;0.01;0.07;0.01;0.028;0.0276746627070212;0.0172119110062013;1.60787856136662;0.9995;0.650674585957577;0.00914128775788792;0.0878646145675938
20180803;30.5;2423.99;0.02;0.08;0.02;0.038;0.0373883495414992;0.027559965377671;1.35661816076848;0.9994;1.01941743083472;0.0120309541880822;0.115639632031501
20180803;31;2471.93;0.03;0.09;0.03;0.048;0.0470101620837928;0.0392063694685416;1.19904400027431;0.9989;0.899852651097455;0.0148337236189368;0.142579409258333
20180803;31.5;2520.73;0.05;0.09;0.04;0.062;0.0603782735727238;0.053069435481801;1.13772217519497;0.9982;0.900959126264548;0.0186831010805301;0.179579017622727
20180803;32;2571.17;0.03;0.11;0.07;0.054;0.0510136132674759;0.0709610695645436;0.718895777368121;0.9963;0.807131549330837;0.0154756855239565;0.148749845726976
20180803;32.5;2732.7;0.07;0.11;0.11;0.082;0.0766318297693576;0.0953347598758199;0.803818354073329;0.9936;0.83877659853787;0.0218731756944044;0.210241511115295
20180803;33;3144.19;0.09;0.14;0.14;0.105;0.0955301803656502;0.12749312468179;0.749296721718004;0.9892;0.876835151328682;0.0236988034073027;0.227789156434666
20180803;33.5;3559.74;0.12;0.17;0.16;0.135;0.11823428996302;0.169845010371959;0.696130488049593;0.9809;0.877785865810473;0.0259071578742143;0.249015510883073
20180803;34;3985.71;0.16;0.21;0.21;0.175;0.145102999990701;0.225687603541875;0.642937395379707;0.9656;0.86909883747963;0.0283965316073539;0.272942978147
20180803;34.5;4429.33;0.22;0.27;0.28;0.235;0.181209932298017;0.299302163212825;0.605441438688045;0.9369;0.852457491315102;0.0319108639890126;0.306722186104917
20180803;35;4895.02;0.3;0.36;0.39;0.318;0.221091354897369;0.395653697642981;0.558800173521622;0.8906;0.885819425069749;0.0352299391667344;0.338624612648677
20180803;35.5;5391.65;0.43;0.5;0.51;0.451;0.282721571513066;0.516913337881792;0.546941916166455;0.8174;0.921568611648052;0.040900805093096;0.393132080532982
20180803;36;5925.87;0.61;0.67;0.71;0.628;0.344634800554994;0.661014363010066;0.521372635513739;0.7181;1.00519758582833;0.0453629837362101;0.436021837096072
20180817;28;2207.77;0.02;0.04;0.02;0.026;0.0256504075749829;0.0349592425017084;0.733723208497135;0.9999;3.49592425017084;0.009062229266856;0.063653446917676
20180817;29;2297.21;0.01;0.05;0.04;0.022;0.0215020456435242;0.0451081887313466;0.476677212015431;0.9997;1.65984785491945;0.00730085434154859;0.0512814816971274
20180817;30;2386.94;0.03;0.06;0.06;0.039;0.037567187510051;0.0611441129085183;0.614403999388423;0.9985;0.955208326632682;0.0122761385949541;0.0862280696501344
20180817;31;2481.2;0.06;0.07;0.08;0.063;0.0591166402580642;0.0931270086252075;0.634795867823704;0.9964;1.07871103942661;0.0185841445273618;0.130535745934979
20180817;32;2584.36;0.09;0.1;0.11;0.093;0.0837474838814473;0.144912598297111;0.577917205719699;0.992;1.15656451481909;0.0252762917811485;0.177541645635855
20180817;33;3167.56;0.14;0.15;0.16;0.143;0.121135528228868;0.22313723191308;0.542874567324806;0.9808;1.13877457141311;0.0298291783008111;0.209521295660986
20180817;34;4027.54;0.23;0.24;0.26;0.233;0.176964203282988;0.345500188623017;0.512197124951724;0.9469;1.05528807376671;0.0342720565309669;0.240728243229532
20180817;35;4960.38;0.42;0.43;0.46;0.423;0.277350349078831;0.538008478597355;0.515512970728478;0.8668;1.09346584775652;0.0436122378288535;0.30633403590363
20180817;36;6012.71;0.75;0.77;0.8;0.756;0.406878414923936;0.811218870405229;0.501564287725072;0.7148;1.2241289799301;0.052782383258243;0.370745490097563
20180921;18;1962.32;-1;0.02;-1;0.006;0.006;0;∞;1;0;0.00238493212116271;0.0100126029569503
20180921;19;1962.32;-1;0.02;-1;0.006;0.006;0;∞;1;0;0.00238493212116271;0.0100126029569503
20180921;20;1962.38;-1;0.03;-1;0.009;0.009;0;∞;1;0;0.00357728880237263;0.0150184452306506
20180921;21;1962.62;-1;0.03;-1;0.009;0.009;0;∞;1;0;0.00357685135176448;0.0150166086923216
20180921;22;1963.24;-1;0.03;-1;0.009;0.00894494166956143;0.00550583304385739;1.62463002388728;0.9999;0.550583304385739;0.00355384695822106;0.0149200299021867
20180921;23;1964.47;-1;0.03;-1;0.009;0.00884494166956143;0.0155058330438574;0.570426731962352;0.9999;1.55058330438574;0.00351191644680647;0.0147439940482306
20180921;24;1966.52;-1;0.04;-1;0.012;0.0117449416695614;0.0255058330438574;0.460480614350684;0.9999;2.55058330438574;0.00465851072059166;0.0195577131114495
20180921;25;1972.79;0.01;0.04;0.01;0.019;0.0186449416695614;0.0355058330438574;0.525123340903758;0.9999;3.55058330438574;0.00737182087412138;0.0309489376353199
20180921;26;2058.12;0.02;0.05;0.02;0.029;0.0285449416695614;0.0455058330438574;0.627280938732635;0.9999;4.55058330438574;0.0108181517609556;0.0454175854102187
20180921;27;2145.51;0.02;0.05;0.04;0.029;0.0282975986868105;0.0560340865118515;0.505006870787933;0.9993;1.00343044741362;0.0102875898857205;0.0431901402960851
20180921;28;2234.84;0.04;0.06;0.06;0.046;0.0442568979351778;0.0743281701862879;0.595425635048693;0.9988;1.45258505401847;0.0154464661405017;0.0648485259519337
20180921;29;2325.16;0.05;0.08;0.08;0.059;0.0552157981595277;0.10349844349499;0.533493995609708;0.9968;1.1825630751476;0.0185227350222916;0.0777635513435864
20180921;30;2418.78;0.08;0.09;0.1;0.083;0.0746108148529167;0.149608715127674;0.498706340665013;0.9941;1.42189578764123;0.0240602434224175;0.101011539195839
20180921;31;2521.28;0.1;0.12;0.14;0.106;0.08939521751883;0.214895583061468;0.415993740984707;0.9885;1.44389412879739;0.0276559008379424;0.116107100931706
20180921;32;2638.21;0.16;0.17;0.19;0.163;0.129788495939268;0.30538925709828;0.424993652928333;0.9769;1.43772744851655;0.0383726188713669;0.161098839572032
20180921;33;3241.87;0.23;0.24;0.27;0.233;0.167390490584063;0.430393601023935;0.388924208412554;0.9547;1.44833354119067;0.0402744658655556;0.169083317901083
20180921;34;4129.58;0.36;0.37;0.41;0.363;0.233494800232388;0.600819026045358;0.388627506970395;0.9128;1.48515137348179;0.0441027765974416;0.185155622439259
20180921;35;5093.45;0.58;0.59;0.64;0.583;0.330818869872452;0.826286481959987;0.400368246480005;0.8361;1.53862800565923;0.0506608916354363;0.212688398503944
20180921;36;6146.8;0.92;0.94;0.99;0.926;0.453988646774836;1.1080515752933;0.409717974232983;0.7155;1.65909087249618;0.0576090233104009;0.241858572001425
