Expiry;Strike;ReqMar;Bid;Ask;Last/Close;Premium;E[PnL];S[PnL];Sharpe;Prob(%);LGL;E[Return](%);Ann[Return](%)
20180706;68;5341.41;-1;0.27;-1;0.081;0.0806655562437879;0.0247487946693936;3.25937312589794;0.9998;1.67221878106057;0.0117794990218228;0.430246201772078
20180706;69;5424.53;-1;0.25;-1;0.075;0.0743754194011909;0.0392622599245931;1.89432344302228;0.9996;1.56145149702269;0.0106945352192594;0.390617898883448
20180706;70;5510.68;0.01;0.04;0.01;0.019;0.0176579285194529;0.0587896611404218;0.300357718975044;0.9992;1.67758935068392;0.00249936201070888;0.091289197441142
20180706;70.5;5555.16;0.02;1.29;0.02;0.401;0.399094613222148;0.0710140156788485;5.61994149193027;0.9983;1.12081575167779;0.0560368735217843;2.04674680538317
20180706;71;5894.43;0.02;0.1;0.02;0.044;0.0411599061168616;0.0859390764891514;0.47894284879891;0.9977;1.23482342745149;0.00544662109332913;0.198937835433846
20180706;71.5;6293.22;0.03;0.09;0.03;0.048;0.0434762074396433;0.104797220277426;0.414860311414275;0.9958;1.07709346675159;0.00538856766534807;0.196817433976838
20180706;72;6693.18;0.05;0.07;0.05;0.056;0.0489651516749936;0.129177922210476;0.379052014749179;0.9944;1.25622291517971;0.00570622907295113;0.20842001688954
20180706;72.5;7091.88;0.06;0.08;0.06;0.066;0.0555878802765634;0.158928442784848;0.349766720811683;0.992;1.30151496542958;0.00611382970604684;0.223307630013361
20180706;73;7490.99;0.07;0.08;0.07;0.073;0.0573982919081628;0.194791807665695;0.294664814686;0.9876;1.25820226547074;0.00597660224995188;0.218295397179492
20180706;73.5;7891.92;0.06;0.09;0.08;0.069;0.0459487216495642;0.23825250546511;0.192857244291573;0.9817;1.25963269674513;0.00454135405410344;0.165872956826128
20180706;74;8293.78;0.07;0.1;0.1;0.079;0.0449738692660065;0.290474731179985;0.154828852352529;0.9741;1.31375022138971;0.00422962967759997;0.154487223974339
20180706;74.5;8698.69;0.07;0.12;0.12;0.085;0.0358060943752566;0.352610598296617;0.101545712318994;0.9645;1.38574382041531;0.00321068501265135;0.11727027008709
20180706;75;9104.96;0.11;0.14;0.15;0.119;0.0496164673552545;0.425221990404406;0.116683681641363;0.954;1.50833766619012;0.00425052329028338;0.1552503631776
20180706;75.5;9518.56;0.13;0.16;0.17;0.139;0.0423144253954666;0.508587450330561;0.083199900760359;0.9375;1.54696919367253;0.0034674627053319;0.126649075312248
20180706;76;9940.43;0.15;0.2;0.21;0.165;0.0321349370262343;0.603501698931395;0.0532474673776971;0.916;1.58172694016388;0.00252154593719414;0.0920994653560158
20180706;76.5;10366.56;0.22;0.25;0.24;0.229;0.0470696847158317;0.710572118639027;0.0662419527605237;0.8867;1.60573976420272;0.00354161400487227;0.12935745152796
20180706;77;10811.07;0.27;0.32;0.3;0.285;0.0368043269046845;0.830548380304025;0.0443132847856643;0.8461;1.61270742751992;0.00265536852371263;0.0969873353286038
20180706;77.5;11270.65;0.36;0.39;0.38;0.369;0.032439865184948;0.963611640534477;0.0336648747486641;0.7991;1.67526199509732;0.00224504308484953;0.0820001986741292
20180706;78;11750.18;0.47;0.51;0.46;0.482;0.0308764035466564;1.10900626470624;0.0278415050746672;0.7416;1.74583435159963;0.0020496362410101;0.0748629637028937
20180706;78.5;12252.14;0.63;0.65;0.59;0.636;0.0388693594673081;1.26417302417926;0.0307468667056421;0.6744;1.83393931367534;0.00247451468759746;0.0903816489644971
20180706;79;12783.39;0.8;0.84;0.72;0.812;0.0332476050897916;1.42588171736085;0.0233172251842385;0.5985;1.93960745930313;0.00202865843645836;0.0740967493916416
20180706;79.5;13273.02;1.01;1.05;0.89;1.022;0.0228121426739047;1.58958170866754;0.0143510349606544;0.5155;2.06230723906315;0.0013405744348796;0.0489644812339774
20180706;80;13482.35;1.26;1.33;1.13;1.281;0.017959303425432;1.74858244368912;0.0102707787615332;0.4314;2.22131673685292;0.00103900704786902;0.0379497324234161
20180706;80.5;13727.45;1.56;1.72;1.36;1.608;0.0390551999538059;1.8984139508157;0.0205725415876895;0.3502;2.41450415519574;0.00221913435954737;0.0810538824824679
20180706;81;14005.03;1.9;2;1.65;1.93;0.0176924692582233;2.03622777804213;0.00868884583984751;0.2775;2.64679243009242;0.00098536925814612;0.035990612153787
20180706;81.5;14310.94;2.13;2.53;1.97;2.25;-0.0396327967051555;2.158489297314;-0.0183613589163838;0.2133;2.91042684213189;-0.00216013633136756;-0.0788989795032002
20180706;82;14640.12;2.71;2.84;2.35;2.749;0.052638554201926;2.26319515505008;0.0232585131178231;0.1619;3.21723117265013;0.00280449014608503;0.102434002585756
20180706;82.5;14987.77;2.86;3.25;2.76;2.977;-0.149380073336727;2.35114201978652;-0.0635351127577953;0.1208;3.55593729906361;-0.00777410229825033;-0.283949086443593
20180706;83;15349.99;3.45;3.85;3.18;3.57;-0.00493079468800954;2.4230683895955;-0.00203493830763591;0.088;3.91988025733334;-0.000250555202749151;-0.00915152878041275
20180706;83.5;15728.26;3.9;4.25;3.64;4.005;-0.0326850467210552;2.48067764603358;-0.0131758540950761;0.0622;4.30548629422164;-0.00162092541974911;-0.0592043009563361
20180706;84;16097.16;4.35;4.7;4.1;4.455;-0.0559068670451548;2.5262555351967;-0.022130329361476;0.0449;4.72296813636808;-0.00270900930941985;-0.0989465650265599
20180706;84.5;16479.31;4.85;5.25;4.57;4.97;-0.022381151280427;2.56075777777886;-0.00874005010338772;0.0311;5.15262787829541;-0.00105934641673305;-0.0386926278711746
20180706;85;16865.59;5.55;5.7;5.05;5.595;0.115311602322685;2.58650051228359;0.0445820914301223;0.0207;5.59551556997581;0.00533293230842767;0.194785352565321
20180706;85.5;17260.24;6;6.3;5.54;6.09;0.118874194620059;2.60533218872886;0.0456272697717128;0.0144;6.05836627980919;0.00537199203508443;0.196212009081459
20180706;86;17649.6;6.5;6.75;6.03;6.575;0.109958464875078;2.6197800104965;0.0419724039554902;0.0098;6.52902598982521;0.00485946438460705;0.177491936647772
20180706;86.5;18040.53;6.9;7.3;6.53;7.02;0.0589440839288409;2.62994615773473;0.0224126580521373;0.0064;7.00589363533732;0.00254850525258936;0.0930841543508262
20180706;87;18432.84;7.5;7.9;7.03;7.62;0.161728818292048;2.63755740767108;0.0613176486023301;0.0046;7.49273777547514;0.00684368107507021;0.249965451266939
20180706;87.5;18825.29;7.85;8.6;7.53;8.075;0.11871567435968;2.64334965704052;0.0449110748717947;0.0035;7.98422912758687;0.0049188206928313;0.179659925805663
20180706;88;19217.73;8.4;9.3;8.03;8.67;0.21518669963765;2.6479009340212;0.081266899706425;0.0023;8.4743042000224;0.00873389446710756;0.319005495411104
20180706;89;20002.61;9.4;9.8;9.03;9.52;0.0666445350848297;2.65277370442319;0.0251225858329747;0.0006;9.45903088344524;0.00259879772520522;0.0949210869131207
20180706;90;20787.5;10.15;10.95;10.03;10.39;-0.0629487996884322;2.65428793840894;-0.0237158895903982;0.0003;10.456085625376;-0.00236199945914502;-0.0862720302452718
20180706;91;21572.38;11.35;11.9;11.03;11.515;0.0622840612646298;2.65524459878236;0.0234569957484113;0.0002;11.4550069401234;0.00225202633118883;0.082255261746672
20180713;70;5552.13;0.08;0.09;0.08;0.083;0.0662404431711803;0.278349667591848;0.237975650354684;0.9923;2.17656582192464;0.00930589623685336;0.199939917677099
20180713;71;5939.52;0.06;0.21;0.09;0.105;0.0785031596441541;0.345902037887454;0.226952000987334;0.9876;2.13684196418112;0.0103093287879223;0.221498961164036
20180713;71.5;6338.27;0.08;0.22;0.11;0.122;0.0884679463346437;0.38612559561199;0.229117021352667;0.9845;2.16335830099073;0.0108870398611959;0.233911253488341
20180713;72;6739.89;0.09;0.13;0.12;0.102;0.0597871635175579;0.431417947428156;0.138582930714801;0.9808;2.19858523346053;0.0069191021728389;0.148658945213495
20180713;72.5;7146.55;0.1;0.16;0.14;0.118;0.0648957135634987;0.482214857659159;0.134578419832449;0.9756;2.17640518182382;0.00708295003596546;0.152179264743317
20180713;73.5;7962.49;0.13;0.19;0.17;0.148;0.0631253529597885;0.602915652740839;0.104700139518392;0.9599;2.11657473915739;0.00618371581108862;0.132858952941183
20180713;74;8376.76;-1;-1;-1;-1;-1.10774811094687;0.67449292990537;-1.64234206443392;0.948;2.07207905667059;-0.103147699890955;-2.21615866971597
20180713;74.5;8793.04;-1;-1;-1;-1;-1.13727974192258;0.754734729569208;-1.50686022169898;0.9333;2.05816704531602;-0.100884130937606;-2.16752522499769
20180713;75;9219.82;-1;-1;-1;-1;-1.17412409505383;0.844528669878122;-1.39027144599279;0.9184;2.13387371389494;-0.0993313095203578;-2.13416240013592
20180713;75.5;9648.35;0.28;0.43;0.3;0.325;0.10453799545716;0.944144328007315;0.110722473626246;0.8971;2.14248789643187;0.00845114827473971;0.181575406314628
20180713;76;10092.34;-1;-1;-1;-1;-1.27755076946036;1.0540294102737;-1.21206368343044;0.8726;2.17857746829164;-0.0987372205235929;-2.12139822330837
20180713;76.5;10542.01;-1;-1;-1;-1;-1.34923952370218;1.17392698814916;-1.14933853410204;0.8408;2.19371560114432;-0.0998298074549063;-2.14487277487674
20180713;77;11008.32;-1;-1;-1;-1;-1.43819573709071;1.30392305969038;-1.1029759205518;0.8022;2.21534750804204;-0.101904075729154;-2.18943903882785
20180713;77.5;11489.67;-1;-1;-1;-1;-1.54819135495119;1.44327108662638;-1.0726961617239;0.7572;2.25778976503787;-0.105102170633441;-2.25815104846261
20180713;78;11984.1;-1;-1;-1;-1;-1.68124756312898;1.59127779629838;-1.05653932144337;0.7093;2.34347286938075;-0.109426081160922;-2.35105153788393
20180713;78.5;12506.94;0.88;1.05;0.87;0.931;0.0914677589025931;1.74631193551621;0.052377674940162;0.6557;2.43837421172642;0.00570442106094877;0.122561164265385
20180713;79;13049.55;1.1;1.2;1.02;1.13;0.102933243608123;1.90539069431285;0.0540221194085574;0.596;2.54224444651455;0.00615254395855305;0.132189216521265
20180713;79.5;13538.07;-1;-1;-1;-1;-2.24479912435376;2.06618763022646;-1.08644495374688;0.5309;2.65359011799991;-0.129334780880578;-2.77879580686066
20180713;80;13736.65;-1;-1;-1;-1;-2.49451569441806;2.22535678501442;-1.12095090154359;0.468;2.80924002710161;-0.141644596145791;-3.04327580836766
20180713;80.5;13964.34;-1;-1;-1;-1;-2.77604591040066;2.37997211824963;-1.1664195093354;0.4058;2.98896989296644;-0.155060375937031;-3.33151778300003
20180713;81;14217.08;2.17;2.32;1.9;2.215;0.125100914803583;2.5261328278863;0.0495226986572431;0.3413;3.17276314740613;0.0068634848750091;0.147463991211593
20180713;81.5;14489.6;2.51;2.82;2.2;2.603;0.168272705248582;2.66101544132395;0.0632362753839789;0.2809;3.38579793457296;0.00905840810608254;0.194622562396862
20180713;82;14788.69;2.62;3;2.54;2.734;-0.0727518437272804;2.78385894291935;-0.026133451880643;0.2309;3.64939779447052;-0.00383715110042057;-0.0824423199663891
20180713;82.5;15114.81;2.95;3.6;2.91;3.145;-0.0582317789994831;2.8931023778483;-0.0201277975661518;0.1842;3.92649151630238;-0.00300505184118072;-0.0645644226465446
20180713;83;15448.78;-1;-1;-1;-1;-4.61997131286478;2.98942518572289;-1.54543801093573;0.1473;4.24530469434124;-0.233259689375765;-5.0116530320293
20180713;83.5;15797.3;4.15;4.3;3.73;4.195;0.141361516862591;3.07319682851881;0.0459981982119653;0.1187;4.59961248512131;0.0069797992791693;0.149963040395093
20180713;84;16158.16;4.6;4.8;4.16;4.66;0.158624518972682;3.14492243253692;0.0504382929548836;0.0903;4.9481977366465;0.00765725335054808;0.164518340369864
20180713;84.5;16525.54;-1;-1;-1;-1;-5.96196069749741;3.20353736657452;-1.86105545691587;0.0678;5.32284992222421;-0.281402565002292;-6.04601687453454
20180713;85;16893.36;5.55;5.8;5.09;5.625;0.19231079510269;3.25057214536473;0.0591621371569685;0.0507;5.7228370429762;0.00887937155072158;0.190775909347121
20180713;85.5;17272.84;5.95;6.4;5.57;6.085;0.173693182787563;3.28758612438191;0.0528330441290624;0.0369;6.13779131680245;0.00784356727523087;0.168521349839887
20180713;86;17656.06;6.45;6.7;6.05;6.525;0.129627537608814;3.31721649913542;0.0390772015159696;0.0263;6.5681138568257;0.00572661620626996;0.123038033490594
20180713;86.5;18043.25;7;7.3;6.54;7.09;0.20610697493095;3.34007362359742;0.0617073149151015;0.0194;7.02008262805328;0.00890989375229747;0.191431687825097
20180713;87;18438.63;6;8.15;7.03;6.645;-0.730771649444707;3.35733023170392;-0.217664512875108;0.0133;7.47519169904196;-0.0309134619311126;-0.66418482178464
20180713;87.5;18827.81;8;8.35;7.53;8.105;0.234959489489385;3.37029544990023;0.0697148048241114;0.0095;7.9455229788093;0.00973392029140512;0.209136140378572
20180713;88.5;19610.17;8.9;9.25;8.53;9.005;0.142335936733142;3.38846953987716;0.0420059661325161;0.0057;8.9134708470953;0.00566145171876894;0.121637955310609
20180713;90;20787.5;10.35;11;10.03;10.545;0.188018261987155;3.40433689504238;0.0552290410097072;0.0021;10.37877717007;0.00705492456283734;0.151577129210373
20180720;60;4749.25;-1;-1;-1;-1;-1.00142240671571;0.0800777374696053;-12.505628135358;0.9994;2.37067785951448;-0.164470069429542;-2.50302886913084
20180720;65;5181.11;-1;-1;-1;-1;-1.00892165788613;0.217237269408976;-4.64433041637395;0.9965;2.54904511032279;-0.151890018384319;-2.31157621728636
20180720;69;5569.83;0.18;0.29;0.22;0.213;0.171028072420578;0.464162029075828;0.368466315008801;0.9831;2.48354601061666;0.0239508021767363;0.364501270627206
20180720;70;5676.02;-1;-1;-1;-1;-1.06244970072266;0.562568274300447;-1.88857023984123;0.9751;2.50802010934377;-0.146002087125076;-2.22196926343475
20180720;71;6087.95;0.28;0.31;0.31;0.289;0.195589159467561;0.682245799272327;0.286684300110274;0.9632;2.5383380579467;0.0250592636905194;0.381370669290093
20180720;72;6922.56;0.35;0.38;0.37;0.359;0.220736134149111;0.827064517496279;0.266891070139645;0.9469;2.603839281561;0.0248714615165931;0.378512554955651
20180720;72.5;7350.18;-1;-1;-1;-1;-1.1677384456557;0.909659675724571;-1.28370914619862;0.9343;2.55309658532269;-0.123920228839491;-1.885910982651
20180720;73;7778.74;0.43;0.46;0.44;0.439;0.235534772833511;0.999666708096509;0.235613300839036;0.9223;2.61860009223281;0.0236178510671572;0.359434170928299
20180720;73.5;8212.69;0.49;0.52;0.5;0.499;0.252751492009933;1.09738451926318;0.230321721851551;0.9052;2.59755810116105;0.0240050657905933;0.365327095000592
20180720;74;8658.5;0.55;0.58;0.56;0.559;0.261045320353088;1.20315648738144;0.216967055483555;0.8893;2.69155085498565;0.0235162383640825;0.357887752603381
20180720;74.5;9105.86;0.62;0.65;0.62;0.629;0.270714361313888;1.31730983156531;0.205505458797197;0.8698;2.75180982093788;0.023189155315899;0.352909957463838
20180720;75;9565.34;0.7;0.74;0.69;0.712;0.283048248255104;1.4395994981418;0.196615967580189;0.8476;2.81464404032084;0.0230810022057743;0.351264002319127
20180720;75.5;10035.34;0.79;0.83;0.78;0.802;0.291395046074392;1.56989373654544;0.185614503256513;0.8235;2.89294591459268;0.0226487728306192;0.344686011515986
20180720;76;10520.81;0.91;0.94;0.88;0.919;0.313024977079183;1.70740738856101;0.183333502699082;0.7948;2.95309465361022;0.0232072893742747;0.353185935164743
20180720;76.5;11017.99;1.02;1.06;0.98;1.032;0.316334448514636;1.85198389849433;0.170808422671394;0.7647;3.04150255624889;0.0223943632043064;0.340814215015539
20180720;77;11517.06;1.17;1.2;1.1;1.179;0.336865617576017;2.0025763078814;0.168216120529459;0.7281;3.09722097250453;0.0228144319565317;0.347207136338467
20180720;77.5;12023.56;1.33;1.36;1.26;1.339;0.352391996597162;2.15849845221021;0.163257933419562;0.6936;3.22000001110587;0.0228605968070843;0.347909707657814
20180720;78;12565.6;1.5;1.53;1.41;1.509;0.35836199428431;2.31848558075238;0.154567273249125;0.65;3.28753715918768;0.0222450464396258;0.338541800503055
20180720;78.5;13109.75;1.7;1.73;1.59;1.709;0.373658167824506;2.48145521885115;0.150580258304037;0.6099;3.4230757041156;0.022231802353448;0.338340242066536
20180720;79;13673.29;1.91;1.93;1.79;1.916;0.375575957339326;2.6465389042067;0.141912124073576;0.5686;3.57075577807296;0.0214249274845099;0.326060615154885
20180720;79.5;14164.53;-1;-1;-1;-1;-2.76705858295054;2.81185749094714;-0.984067859718771;0.524;3.71230794737509;-0.152373971794435;-2.31894138324655
20180720;80;14361.58;2.4;2.44;2.22;2.412;0.396507192830394;2.9759756742578;0.133236032895088;0.4815;3.8871606695653;0.0215349293328246;0.327734705783924
20180720;80.5;14570.27;2.66;2.71;2.46;2.675;0.389803412699514;3.13772881152243;0.124231071617174;0.4408;4.08654611462891;0.0208676065649862;0.317578887410883
20180720;81;14814.3;2.94;2.98;2.73;2.952;0.376546455046898;3.29592393120155;0.114246100003171;0.3976;4.27532128976279;0.0198258598068475;0.30172480393546
20180720;81.5;15051.2;3.2;3.35;3.01;3.245;0.358134327572631;3.44843419534924;0.103854186359604;0.3575;4.49317614385583;0.018559634813613;0.282454442319673
20180720;82;15318.05;3.55;3.65;3.31;3.58;0.36166586199958;3.59430198943417;0.100622002008383;0.3163;4.70723144361624;0.0184161412424997;0.280270649534292
20180720;82.5;15582.98;3.9;4;3.64;3.93;0.36006895952434;3.7315994947014;0.0964918555797889;0.2775;4.94108102487981;0.0180231116531617;0.274289230471554
20180720;83;15877.27;4.25;4.4;3.97;4.295;0.354309645166665;3.85929179993586;0.0918069074674669;0.2408;5.19058265915877;0.0174061109516938;0.264899251046089
20180720;83.5;16180.05;4.65;4.8;4.33;4.695;0.366628367737334;3.97764724648983;0.0921721673687566;0.2087;5.46995024928935;0.0176742424674288;0.268979877551181
20180720;84;16491.5;5.05;5.15;4.71;5.08;0.34963059836453;4.08760825705143;0.0855342724590574;0.1837;5.79489085095611;0.0165365107312454;0.251665022691141
20180720;84.5;16816.66;5.45;5.55;5.1;5.48;0.334799097623151;4.18911004263236;0.0799212945508516;0.1576;6.10778834565153;0.0155288443808734;0.236329600421417
20180720;85;17148.98;5.9;6;5.5;5.93;0.358048744091628;4.28168673272455;0.0836232929782306;0.1359;6.44827132960117;0.016285401253688;0.247843450329564
20180720;85.5;17490.29;6.3;6.45;5.93;6.345;0.335689170827564;4.36549012720293;0.0768961012500671;0.1156;6.79478836405748;0.0149704523621678;0.227831571886742
20180720;86;17839.43;6.75;6.9;6.36;6.795;0.339300494990968;4.44129537791914;0.0763967415177729;0.0993;7.16742478628737;0.0148353611126003;0.225775651932386
20180720;86.5;18195.27;7.2;7.35;6.81;7.245;0.334641040019235;4.50894145558777;0.07421720670259;0.0833;7.53829929091389;0.0143454871081882;0.218320381927739
20180720;87;18558.16;7.65;7.8;7.25;7.695;0.322766364564001;4.56886202451196;0.0706448045120116;0.0691;7.91946893912987;0.0135658796109054;0.206455730328467
20180720;87.5;18925.43;8.1;8.3;7.72;8.16;0.318847691662565;4.6202695413117;0.0690106256380971;0.0567;8.31246931870819;0.0131411122229086;0.19999130164239
20180720;88;19295.91;8.6;8.75;8.18;8.645;0.329746344932517;4.66529499353896;0.0706807062338368;0.0473;8.72809242685786;0.0133293609395651;0.202856211799006
20180720;89;20054.16;9.55;9.85;9.13;9.64;0.363492754052651;4.73749004885536;0.0767268638676034;0.0308;9.57130339037077;0.0141379318884993;0.215161650928099
20180720;90;20811.48;10.5;10.75;10.09;10.575;0.324112098942623;4.78984191458698;0.0676665544964172;0.0213;10.4739837550397;0.0121474992251991;0.184869753833498
20180720;95;24710.77;14.1;15.7;15.04;14.58;-0.624136945445071;4.90495061351043;-0.12724632613546;0.0027;15.2452992534293;-0.0197009974779076;-0.299824555366907
20180720;100;28623.91;19.65;20.8;20.03;19.995;-0.20398029010634;4.92264877806164;-0.0414371000863198;0.0004;20.2070631153525;-0.00555845187757177;-0.0845926895117953
20180720;105;32548.35;-1;-1;-1;-1;-26.1977614008761;4.92817015088256;-5.31592063561047;0.0001;25.200281429019;-0.627812282118245;-9.55451816848704
20180720;110;36472.78;-1;-1;-1;-1;-31.1972614008761;4.93097975228847;-6.32678756922445;0.0001;30.200281429019;-0.667178753379462;-10.1536266529937
20180720;115;40397.22;-1;-1;-1;-1;-36.1972241966566;4.9312090114714;-7.34043600919198;0;35.1972241966566;-0.698905391841126;-10.6364664320821
20180727;65;5185.26;0.09;0.24;0.14;0.135;0.120920797848819;0.315107923225213;0.383744072859745;0.9957;3.2742330584142;0.0181896804252976;0.214315508881934
20180727;69.5;5675.66;0.24;0.3;0.28;0.258;0.184952558265564;0.64108271489638;0.28850030420093;0.9731;2.71551828009056;0.0254178360661386;0.29947950397281
20180727;70;5740.18;0.27;0.49;0.31;0.336;0.248040045639748;0.699180317038113;0.354758335718749;0.9676;2.71481340618062;0.0337047332311885;0.397117864925535
20180727;70.5;5804.68;0.3;0.42;0.33;0.336;0.230371434265007;0.762888436478128;0.301972638789121;0.9614;2.7364913402848;0.0309560076915016;0.364731671268418
20180727;71;6166.29;0.33;0.38;0.36;0.345;0.218015304111615;0.832455860468819;0.261894130925853;0.9532;2.71334820274328;0.0275776742915204;0.324927275321865
20180727;71.5;6596.34;0.37;0.58;0.4;0.433;0.280448112490594;0.908440736123505;0.308713712781443;0.9451;2.77872290545366;0.0331622578191335;0.390726279627049
20180727;72;7026.13;0.37;0.55;0.44;0.424;0.241777053929686;0.99115106573057;0.24393562423451;0.9366;2.87417896009959;0.0268406793021414;0.316243810164747
20180727;72.5;7455.85;0.42;0.68;0.49;0.498;0.281113470722564;1.08057840699037;0.260150923712719;0.9257;2.91906499700452;0.0294089214728837;0.346503502192605
20180727;73;7885.58;0.52;0.58;0.55;0.538;0.280212132831063;1.17679068548358;0.238115525800509;0.9086;2.82043618346758;0.0277171068720664;0.326570105968459
20180727;73.5;8328.23;0.49;0.64;0.61;0.535;0.228088554267393;1.28018438465642;0.178168517755048;0.8944;2.90635838761939;0.0213621708728705;0.25169461004245
20180727;74;8771.54;0.61;0.83;0.67;0.676;0.312535741850888;1.39124577151442;0.224644522377008;0.8789;3.00135638438573;0.0277919132380053;0.32745149387682
20180727;74.5;9225.39;0.73;0.8;0.73;0.751;0.32247303751935;1.50971041826061;0.213599266202908;0.8593;3.04567848244954;0.0272648602677061;0.321241619767086
20180727;75;9690.73;0.82;0.88;0.8;0.838;0.333695933847036;1.63527692494342;0.204060809980904;0.8384;3.12069347866933;0.0268589495735294;0.316459075217149
20180727;75.5;10162.51;0.92;1.08;0.9;0.968;0.37762756245251;1.76815233897916;0.21357184792716;0.8154;3.19811721315;0.0289839319924859;0.341496166459854
20180727;76;10648.37;1.03;1.1;1.01;1.051;0.361070746044876;1.90734346492055;0.189305572218959;0.7883;3.25899505883384;0.0264486660319846;0.311625008651044
20180727;76.5;11148.25;1.16;1.23;1.15;1.181;0.377849552280146;2.05287486764733;0.184058735500608;0.7593;3.33672807527982;0.0264366739872638;0.311483715285423
20180727;77;11654.02;1.31;1.44;1.29;1.349;0.416764112575186;2.20376963175949;0.189114191687287;0.7254;3.39488669856087;0.0278938947941264;0.32865306688886
20180727;77.5;12183.81;1.47;1.59;1.43;1.506;0.427759255358168;2.35943099945051;0.181297632970741;0.69;3.47819595045752;0.0273848836430781;0.322655766149492
20180727;78;12710.85;1.66;1.72;1.57;1.678;0.435421802149454;2.51881232501857;0.172867901996725;0.653;3.58091699668745;0.0267196140050881;0.314817387592207
20180727;78.5;13257.28;1.83;1.96;1.78;1.869;0.441948720074266;2.68048292543326;0.164876528733281;0.6091;3.65068119704716;0.026002317342466;0.306366013204377
20180727;79;13814.59;2.04;2.17;1.98;2.079;0.44715253149255;2.84368010162312;0.15724431564483;0.5704;3.79852762687954;0.0252471462826033;0.297468392894221
20180727;79.5;14306.4;2.29;2.36;2.18;2.311;0.454935484984931;3.00780876944278;0.151251465720413;0.5317;3.96340917150346;0.0248035619225134;0.292241967490259
20180727;80;14506.79;2.53;2.73;2.4;2.59;0.490748675787107;3.17193939821806;0.154715653162479;0.4936;4.14544100357996;0.0263865381048422;0.310893001380439
20180727;80.5;14709.42;2.79;2.97;2.62;2.844;0.481473571730925;3.33403827046527;0.14441153120409;0.4527;4.31669363835022;0.0255312164551778;0.300815380975925
20180727;81;14944.85;3.05;3.2;2.88;3.095;0.449311463851446;3.49290570803663;0.128635440349177;0.415;4.52254450623684;0.0234504154811944;0.276298846919557
20180727;81.5;15175.69;3.35;3.55;3.17;3.41;0.461933559146137;3.64751170638977;0.126643475423784;0.3759;4.72370844552774;0.0237424575840695;0.279739762341334
20180727;82;15435.02;3.7;3.8;3.46;3.73;0.460508885037022;3.79646635296635;0.121299345818568;0.3369;4.9306154651832;0.0232715558728707;0.274191476856969
20180727;82.5;15703.98;4;4.15;3.81;4.045;0.433869167300125;3.93716601313296;0.110198342120422;0.2984;5.14699377522787;0.0215498205228291;0.253905546643978
20180727;83;15972.35;4.35;4.75;4.16;4.47;0.500058074526332;4.07068409673247;0.122843743863035;0.2668;5.41454163321559;0.0244200320009604;0.287723118979057
20180727;83.5;16275.07;4.75;5.25;4.51;4.9;0.555933021083932;4.19712514616984;0.132455669469675;0.2368;5.69191166000533;0.0266436799623883;0.313922713105236
20180727;85;17216.47;5.65;6.15;5.62;5.8;0.248110801845757;4.525190532827;0.0548288077697262;0.1561;6.5788472545968;0.0112407726694084;0.13244168443553
20180727;86;17889.04;6.75;7.35;6.48;6.93;0.514022300764888;4.7007898893148;0.109348069764465;0.1164;7.26117892625069;0.0224124600647443;0.264069388343479
20180727;86.5;18236.07;7.25;7.75;6.91;7.4;0.538492655042727;4.77703472356267;0.112725296382423;0.101;7.63237746936293;0.0230326090508167;0.271376143735832
20180727;87;18594.91;7.6;8.3;7.34;7.81;0.495098971675396;4.84563413074203;0.102174237327237;0.0844;7.98918854120206;0.0207678981993894;0.244692736042806
20180727;87.5;18957.64;7.85;8.4;7.79;8.015;0.23862412184147;4.90521141353804;0.0486470616093904;0.0714;8.37430096721789;0.00981803721541007;0.115678648158985
20180727;88;19322.51;8.35;9.2;8.24;8.605;0.361453881012504;4.95848948998241;0.0728959659474415;0.0603;8.77252965732414;0.0145909629333743;0.171914490690805
20180727;88.5;19704.27;8.8;9.4;8.71;8.98;0.263851108594754;5.00508229289942;0.0527166374405218;0.0497;9.17199714974771;0.010444632798064;0.123061359015899
20180727;90;20830.13;9.1;11.4;10.12;9.79;-0.370132920861608;5.10885098972388;-0.0724493475355038;0.0283;10.4560388194521;-0.0138599076564599;-0.163301008758773
20180727;95;24715.23;14;16.65;15.03;14.795;-0.301845523166489;5.25377869996548;-0.057453033407835;0.0047;15.1681357612443;-0.00952609011001966;-0.112238852022086
20180803;70;5795.26;0.3;0.57;0.35;0.381;0.263066317252609;0.840452986583815;0.313005392867831;0.9599;2.94098959469804;0.0354068199626996;0.340324762930948
20180803;74.5;9315.31;0.83;0.9;0.85;0.851;0.340330928640582;1.70690763040354;0.199384502464332;0.8464;3.32466843332955;0.0284969715811555;0.273908391316238
20180803;75;9787.24;0.93;1;0.91;0.951;0.357643627990403;1.8366633826888;0.194724646530944;0.8237;3.36560619404195;0.0285026248291157;0.273962729443014
20180803;75.5;10263.6;-1;-1;-1;-1;-1.68689878045915;1.97302421627197;-0.854981285352162;0.8019;3.46743453033392;-0.128198784905699;-1.23222647860018
20180803;76;10761.08;1.12;1.28;1.14;1.168;0.374983253502573;2.11533215510281;0.177269206917695;0.7733;3.49808886853739;0.027180072793066;0.26125056809651
20180803;76.5;11259.2;1.3;1.37;1.25;1.321;0.407529626619837;2.26301148257432;0.180082880603083;0.7451;3.58364210819993;0.0282322996983331;0.271364406968847
20180803;77;11769.38;1.45;1.53;1.4;1.474;0.425907814288929;2.41594312745297;0.176290496845406;0.7136;3.65953975457776;0.0282264737093513;0.271308408482646
20180803;77.5;12296.54;1.62;1.76;1.57;1.662;0.461513882883284;2.57234876121077;0.179413417745911;0.6774;3.72128368604066;0.0292749691091121;0.281386380713242
20180803;78;12824.06;1.79;2;1.74;1.853;0.482196608907345;2.73190443184988;0.176505665163708;0.6413;3.82158737410832;0.0293287270137327;0.281903093204365
20180803;78.5;13375.73;-1;-1;-1;-1;-2.55877200119328;2.89413447445989;-0.884123396398437;0.6057;3.9532640151998;-0.149213699807843;-1.43421852249512
20180803;79;13935.67;2.22;2.3;2.09;2.244;0.47890881149304;3.05790567090144;0.156613337046418;0.5694;4.09914349397808;0.0268052323974786;0.257647661399449
20180803;79.5;14431.01;2.44;2.53;2.3;2.467;0.476937432004362;3.22211295840174;0.148020084386159;0.5306;4.23958791647984;0.0257785974067929;0.247779807969239
20180803;80;14633.35;2.69;2.9;2.52;2.753;0.519360449858444;3.38580551491459;0.153393467985873;0.4949;4.42217293633252;0.0276834184168072;0.266088646756285
20180803;80.5;14833.07;2.95;3.1;2.79;2.995;0.49983773803513;3.5482322622677;0.140869509403446;0.4598;4.61896012951661;0.0262840690206007;0.252638321309852
20180803;81;15066.02;3.2;3.4;3.06;3.26;0.483926343759044;3.70719215468833;0.130537162242061;0.4194;4.78138762700819;0.0250538993132927;0.240814124320531
20180803;81.5;15301.63;3.5;3.65;3.33;3.545;0.470296497574516;3.86266249167412;0.121754488927839;0.3862;5.00929211864693;0.0239733458532276;0.230428015076089
20180803;82;15544.2;3.8;4;3.63;3.86;0.470036369402481;4.01413030151243;0.117095443868721;0.3539;5.24680951957517;0.0235861844375352;0.226706680679204
20180803;82.5;15810.59;4.15;4.3;3.93;4.195;0.473353902051961;4.16039747163353;0.113776124824464;0.32;5.47300896757065;0.0233524519705166;0.224460081111347
20180803;83;16079.03;4.5;4.85;4.27;4.605;0.534516832498046;4.29946705066912;0.124321648752921;0.2852;5.69457633953827;0.0259296194701096;0.249231408196251
20180803;83.5;16366.28;4.85;5.2;4.61;4.955;0.520497722155587;4.43180358326278;0.117446026742094;0.2572;5.96998152644644;0.0248063838136313;0.23843504441918
20180803;84;16661.42;5.15;5.55;4.96;5.27;0.457190691205614;4.55688118176717;0.100329737153321;0.2292;6.24391451582043;0.0214032620953304;0.205724775797879
20180803;84.5;16965.83;5.55;6.05;5.31;5.7;0.494909737831929;4.67367452311572;0.105893068801461;0.2006;6.51124626240689;0.0227533575138325;0.218701679787561
20180803;85;17286.21;6.05;6.35;5.71;6.14;0.529535380042061;4.78182378390014;0.110739208296413;0.1774;6.82040435200333;0.0238940517576038;0.229665852749073
20180803;85.5;17610.77;6.45;6.65;6.11;6.51;0.483187094445379;4.88247707948764;0.0989635151540914;0.1567;7.14670094338269;0.021400877625873;0.20570185665395
20180803;86;17947;6.8;7.4;6.51;6.98;0.525598984180755;4.9740902282652;0.10566736027305;0.1343;7.45570176252656;0.022843216563269;0.219565390782474
20180803;86.5;18292.51;7.05;7.5;6.95;7.185;0.292962907940672;5.05699786646755;0.0579321794623011;0.1161;7.79730409781573;0.0124920564861642;0.120071674515039
20180803;87;18640.88;7.75;7.9;7.38;7.795;0.457369229304234;5.13292864907814;0.0891049263633103;0.1018;8.16926160175436;0.019137937632628;0.183950834745194
20180803;87.5;19000.43;8.2;8.4;7.82;8.26;0.469336593334391;5.20162880717084;0.0902287746267813;0.0873;8.53584245279458;0.019267066208545;0.185191998228186
20180803;88;19364.81;8.2;9.35;8.27;8.545;0.294635352636156;5.26335093564895;0.0559786638281282;0.0732;8.90199034027173;0.0118676906747963;0.114070368920246
20180803;88.5;19731.74;8.85;9.45;8.73;9.03;0.313616144993404;5.31780270373301;0.0589747612812431;0.062;9.29252010128635;0.0123973148386739;0.119161032758569
20180803;90;20862.91;10;11.35;10.15;10.405;0.261832669805901;5.44523404554944;0.0480847411912266;0.0367;10.5296037892599;0.00978911774285574;0.0940914540941594
20180803;95;24759.63;14.05;17.2;15.03;14.995;-0.0591070119756171;5.63650799959637;-0.0104864593432405;0.0061;15.1465006660385;-0.00186204193443042;-0.0178976530671239
20180817;60;4785.57;0.05;0.35;0.09;0.14;0.131575844644518;0.269614480037187;0.488014755833477;0.9979;4.01150255022967;0.02144554542567;0.150634335898577
20180817;65;5270.57;0.17;0.3;0.21;0.209;0.175423034533684;0.500142999460653;0.350745756159454;0.9897;3.25989955983651;0.0259611326547742;0.182351994272236
20180817;70;5880.29;0.49;0.52;0.47;0.499;0.334343658687598;1.0225946332243;0.326956203195977;0.9481;3.17256919677074;0.0443495225195231;0.311512751927997
20180817;72.5;7650.06;0.75;0.79;0.72;0.762;0.409855535960729;1.47967238450397;0.276990731362554;0.8966;3.40565245685949;0.041788864146081;0.293526589026079
20180817;75;9965.92;1.2;1.24;1.13;1.212;0.498373360562782;2.09249147935902;0.238172229363364;0.8088;3.73235690082227;0.039006054758514;0.273980028856678
20180817;77.5;12505.29;1.92;1.97;1.81;1.935;0.584831880917979;2.84374335928343;0.20565564716267;0.6749;4.15308557084596;0.0364780718492753;0.256223379672073
20180817;80;14854.56;3;3.05;2.83;3.015;0.65078200370102;3.66609167866424;0.177513837825828;0.514;4.86464608291971;0.0341719958643538;0.240025413258754
20180817;82.5;15996.57;4.45;4.55;4.16;4.48;0.690968380851883;4.45922599893572;0.154952536834149;0.3498;5.82748634135361;0.0336919312742962;0.236653421114167
20180817;85;17424.83;6.2;6.4;5.9;6.26;0.664803426003527;5.12362281669068;0.129752608610819;0.2119;7.09960230173388;0.0297590663600592;0.209028826692531
20180817;87.5;19077.69;7.75;8.7;7.94;8.035;0.339436888577631;5.6090790671265;0.0605156184313734;0.1155;8.70046705644134;0.0138780309927749;0.0974798234636738
20180817;90;20874.74;9.85;10.85;10.19;10.15;0.161332092608107;5.92119298113264;0.0272465520245966;0.0579;10.6025558936333;0.00602829219594225;0.0423429562416905
20180817;95;24707.89;14;16.25;15.03;14.675;-0.165721532641638;6.20818488718309;-0.0266940395064222;0.0112;15.0088203202282;-0.00523164039747943;-0.0367472433688339
20180817;100;28636.34;18.9;22.35;20.03;19.935;0.121417325780937;6.28057022967068;0.0193322136909379;0.002;19.8532892527245;0.00330717941291137;0.0232297553954977
20180817;105;32560.76;23.9;27.3;25.03;24.92;0.111803657111571;6.29924521954451;0.0177487386527962;0.0002;24.8131589746834;0.00267828062204401;0.0188123461000303
20180817;110;36485.18;28.9;31.35;30.03;29.635;-0.172827903853747;6.30075217403177;-0.0274297257025991;0;29.8078279038537;-0.00369480882390939;-0.0259524792871712
20180817;115;40409.6;33.85;37.4;35.03;34.915;0.107172096146251;6.30075217403177;0.017009413032932;0;34.8078279038537;0.00206867266674443;0.0145304363755462
20180921;50;3980.01;0.04;0.14;0.02;0.07;0.0675650254564869;0.160308374471942;0.421469094668617;0.9996;6.08743635878279;0.0132413536287747;0.0555908553208043
20180921;55;4397.83;0.08;0.14;0.1;0.098;0.0919542606809372;0.252639820242595;0.363973741719096;0.9986;4.31838522790199;0.0163090258902984;0.0684697897290976
20180921;60;4865.05;0.17;0.23;0.19;0.188;0.167696306774554;0.422787642399549;0.396644295994051;0.9947;3.83088551423515;0.0268862846803531;0.112876039994241
20180921;65;5412.51;0.36;0.42;0.36;0.378;0.306607577557161;0.761853571390837;0.402449485138489;0.9821;3.98840348842675;0.0441853983631597;0.185502491403955
20180921;70;6135.93;0.79;0.82;0.77;0.799;0.528091481547963;1.41474030565482;0.373278035153973;0.9266;3.69085175002775;0.0671310389146244;0.28183462027088
20180921;72.5;7987.61;-1;-1;-1;-1;-1.51878322649137;1.92869705128185;-0.787465934829919;0.8707;4.01224459776773;-0.148311061339157;-0.622650748898014
20180921;75;10390.24;1.73;1.77;1.66;1.742;0.803083114857193;2.58148771996444;0.311093137746266;0.7867;4.4018606898397;0.0602878114065325;0.253104863405011
20180921;77.5;12971.35;2.51;2.56;2.41;2.525;0.904975868209193;3.34584032075027;0.270477901350135;0.6672;4.86786097292911;0.0544184820549265;0.228463799661631
20180921;80;15329.42;3.55;3.7;3.45;3.595;0.982038518495909;4.17614392525174;0.235154375920296;0.5375;5.64964644649533;0.0499686253248204;0.209782073561962
20180921;82.5;16428.25;4.95;5.1;4.76;4.995;1.0522472482737;4.99627773093975;0.210606236270172;0.397;6.53856177732388;0.0499598468280848;0.209745219011011
20180921;85;17762.56;6.5;6.8;6.39;6.59;0.985110890052594;5.73027145377151;0.171913477049019;0.2739;7.71916968729845;0.0432587698080132;0.18161224910778
20180921;87.5;19293.08;-1;-1;-1;-1;-8.54810334650609;6.32911519346255;-1.35060005786205;0.1751;9.15032530792349;-0.345591300625652;-1.45088761555769
20180921;90;21002.81;10.8;11.15;10.43;10.905;1.19938503096862;6.77412914458626;0.177053759290541;0.1013;10.7996160777027;0.0445426266368891;0.187002234242801
20180921;92.5;22824.79;13.05;13.35;12.7;13.14;1.12907556782686;7.07604357622099;0.159563116827193;0.0571;12.7382802335064;0.0385843174419107;0.16198760857078
20180921;95;24725.41;14.05;15.75;15.09;14.56;0.155727579915455;7.27044033915374;0.0214192776023221;0.0299;14.8482346356917;0.00491265917669533;0.0206246984400916
20180921;97.5;26675.82;16.75;18.35;17.54;17.23;0.381667483599133;7.38864944844041;0.0516559198352137;0.0156;17.115331690777;0.0111599432447559;0.0468525203465183
20180921;100;28636.34;19.05;20.8;20.03;19.575;0.254692719333045;7.45644958359564;0.0341573716120036;0.0082;19.4800436385027;0.00693735027170984;0.029124910192437
20180921;105;32560.76;24.1;27.15;25.03;25.015;0.713949421421588;7.51069428787336;0.0950577129166766;0.0014;24.3351197462231;0.0171028117497515;0.0718023217424912
20180921;110;36485.18;30.3;30.85;30.03;30.465;1.16791651578091;7.52444740672477;0.155216250795655;0.0002;29.3029440730337;0.0249683537893772;0.104824037029541
20180921;115;40409.6;33.85;35.7;35.03;34.405;0.108505948711568;7.52691367396028;0.0144157291303804;0.0001;34.2999240436928;0.00209441914780208;0.00879294935327254
20180921;120;44334.02;38.8;40.7;40.03;39.37;0.0735273425596478;7.52701146850104;0.00976846426597651;0;39.2964726574403;0.0012936189228165;0.00543096909837618
20180921;125;48258.44;43.75;47.5;45.03;44.875;0.57852734255965;7.52701146850104;0.0768601648849169;0;44.2964726574403;0.00935072346301553;0.03925691660766
20180921;130;52182.86;48.8;52.35;50.03;49.865;0.568527342559652;7.52701146850104;0.0755316163578094;0;49.2964726574403;0.00849802650135559;0.0356770595358636
20180921;135;56107.28;55;55.85;55.03;55.255;0.958527342559653;7.52701146850104;0.127345008915011;0;54.2964726574403;0.0133253889191657;0.0559436586520148
20180921;140;60031.7;58.75;62.5;60.03;59.875;0.57852734255965;7.52701146850104;0.0768601648849169;0;59.2964726574403;0.00751688403287808;0.0315579527932037
20180921;145;63956.12;65.15;65.8;65.03;65.345;1.04852734255965;7.52701146850104;0.13930194565898;0;64.2964726574403;0.0127876945505219;0.0536862693629671
20180921;150;67880.54;68.75;70.85;70.03;69.38;0.0835273425596458;7.52701146850104;0.011097012793084;0;69.2964726574403;0.00095979388491199;0.00402947949958741
20180921;155;71804.96;73.55;75.7;75.03;74.195;-0.101472657440356;7.52701146850104;-0.0134811349584092;0;74.2964726574403;-0.00110227305750853;-0.00462764637074704
20180921;160;75822.94;78.55;82.3;80.03;79.675;0.378527342559648;7.52701146850104;0.0502891943427621;0;79.2964726574403;0.00389395778106896;0.0163479089601775
