Expiry;Strike;ReqMar;Bid;Ask;Last/Close;Premium;E[PnL];S[PnL];Sharpe;Prob(%);LGL;E[Return](%);Ann[Return](%)
20180706;190;14954.7;0.04;0.08;0.15;0.052;0.0462394095399769;0.333551827850549;0.138627360665206;0.9993;8.2294149428901;0.00241173272892014;0.0880885379238081
20180706;195;15355.92;0.04;0.1;0.18;0.058;0.0484420112763192;0.43217929664279;0.112087764621353;0.9991;10.6199874707565;0.00246059948186295;0.0898733960750443
20180706;200;15770.77;0.07;0.12;0.22;0.085;0.0693764931382264;0.556090803341574;0.124757490541724;0.9983;9.19029815398447;0.00343126332118321;0.125326892806217
20180706;205;16197.9;0.11;0.16;0.33;0.125;0.0974999530429401;0.720204292582842;0.135378189281932;0.9969;8.87098288937417;0.00469505080124542;0.171486730515489
20180706;207.5;16421.65;-1;-1;-1;-1;-1.03847433519099;0.82497754570519;-1.25879103085563;0.9942;6.6335060674114;-0.0493257365398099;-1.80162252711656
20180706;210;16645.31;0.2;0.25;0.52;0.215;0.159550543425798;0.954453535916743;0.167164285553776;0.9913;6.37350075565542;0.00747654587821569;0.273080838201828
20180706;212.5;16879.4;0.26;0.3;0.63;0.272;0.189100247915853;1.11721107000518;0.169260986569866;0.9868;6.28028424879902;0.00873835523622672;0.319168425003181
20180706;215;17125.48;0.34;0.37;0.78;0.349;0.226056440446331;1.32210411345474;0.170982328960184;0.9807;6.37013261936111;0.0102960047571302;0.37606157375418
20180706;217.5;18590.01;0.43;0.47;0.97;0.442;0.261782745512426;1.57477147104118;0.166235387372965;0.9724;6.52961066983964;0.0109838855116104;0.401186418311569
20180706;220;20653.24;0.56;0.59;1.21;0.569;0.309127005809916;1.88022790540932;0.164409327678082;0.9623;6.89318286976351;0.0116746362571555;0.426416089292604
20180706;222.5;22730.04;0.72;0.76;1.5;0.732;0.36171894921315;2.24204030382061;0.161334722037224;0.9488;7.23205177318066;0.012412682968717;0.45337324543239
20180706;225;24833.19;0.92;0.97;1.85;0.935;0.413224269389633;2.66459559038322;0.155079544108306;0.9279;7.23683398904809;0.0129791996164775;0.474065265991842
20180706;227.5;26986.66;1.2;1.24;2.29;1.212;0.479461480189816;3.15351041356729;0.152040557128664;0.9017;7.45207039481367;0.0138579562846257;0.506161853295953
20180706;230;29201.99;1.55;1.6;2.84;1.565;0.546580217946943;3.71307611759719;0.14720415112326;0.8681;7.72115073580786;0.0145994355178745;0.533244382290365
20180706;232.5;31492.81;2;2.04;3.49;2.012;0.611149026366192;4.34306155389289;0.14071848137137;0.821;7.8259830929263;0.0151366689909738;0.552866834895318
20180706;235;33869.78;2.56;2.62;4.26;2.578;0.664946252257975;5.03945552989269;0.131948034527479;0.7684;8.26016298679631;0.0153132992526441;0.559318255202826
20180706;237.5;36354.71;3.25;3.4;5.21;3.295;0.722728077319914;5.79527882417269;0.124709802452531;0.7038;8.68424011708334;0.0155063236733159;0.566368472167861
20180713;200;15890;0.24;0.3;0.44;0.258;0.201258815486617;0.919555953438227;0.218865219385628;0.9922;7.27451083504905;0.00987928735554195;0.21225939450657
20180713;205;16380.35;0.38;0.44;0.66;0.398;0.28604694142042;1.28613272934157;0.222408570200107;0.9858;7.88401820982958;0.0136209918779469;0.292651016671771
20180713;210;16904.04;0.57;0.62;0.96;0.585;0.375056731700289;1.78387977975753;0.21024776218455;0.9739;8.04380338313071;0.0173061735967393;0.371828229777002
20180713;215;17494.07;0.85;0.91;1.41;0.868;0.478362148898719;2.44617082797141;0.195555495727754;0.9521;8.13440190190566;0.02132851166944;0.458249346309587
20180713;217.5;19042.89;1.05;1.1;1.69;1.065;0.539437296603502;2.8518664180452;0.189152371650443;0.9377;8.435998449382;0.0220954430420347;0.474727092417833
20180713;220;21170.37;1.28;1.34;2.02;1.298;0.59676388373463;3.31169016446023;0.180199189567571;0.9207;8.84282618241325;0.0219871371786611;0.472400109088586
20180713;222.5;23355.68;1.57;1.63;2.43;1.588;0.662512904041786;3.82721418598329;0.173105781868222;0.8997;9.22718939140792;0.0221256698650004;0.475376524599494
20180713;225;25569.43;1.91;1.97;2.91;1.928;0.724266042791762;4.39919561899942;0.164636016562612;0.8758;9.69189981649145;0.0220938641720826;0.474693169932539
20180713;227.5;27820.17;2.33;2.39;3.45;2.348;0.795696015099401;5.02496316771891;0.158348626356322;0.8439;9.94429202370659;0.0223090977437425;0.479317526523644
20180713;230;30156.97;2.82;2.89;4.1;2.841;0.85452576096469;5.7027655692354;0.149844097673344;0.8066;10.2713249174525;0.0221020246249029;0.474868499661517
20180713;232.5;32540.23;3.4;3.5;4.86;3.43;0.908619197964976;6.42942276088799;0.14132204892364;0.7648;10.7201564712373;0.0217799005849891;0.467947569921605
20180713;235;35009.39;4.1;4.2;5.7;4.13;0.966407367597758;7.20098233242079;0.134204935241505;0.72;11.2985451157223;0.0215313019371732;0.462606354856029
20180713;237.5;37588.78;4.9;5.05;6.69;4.945;1.02230883051864;8.00885021750158;0.12764739041874;0.6707;11.9122112647475;0.0212138007087364;0.455784747580351
20180720;135;10597.91;-1;0.04;-1;0.012;0.012;0;∞;1;0;0.000883193006923063;0.0134410935741104
20180720;140;10992.78;0.01;0.04;0.01;0.019;0.019;0;∞;1;0;0.0013481576089033;0.0205172736104971
20180720;145;11387.2;0.02;0.04;0.02;0.026;0.026;0;∞;1;0;0.00178094702824224;0.0271037875860615
20180720;150;11781.07;0.03;0.05;0.03;0.036;0.036;0;∞;1;0;0.00238348469196771;0.0362736576558836
20180720;155;12178.12;0.05;0.05;0.05;0.05;0.05;0;∞;1;0;0.00320246474825342;0.0487375103874818
20180720;160;12578.02;0.07;0.06;0.07;0.067;0.0661066514729362;0.0636125384940159;1.03920788319358;0.9998;4.46674263531929;0.00409946781360581;0.0623887757883135
20180720;165;12980.21;0.09;0.07;0.09;0.084;0.0815303486599138;0.140148998424547;0.581740501726151;0.9996;6.17412835021555;0.00489927912990104;0.0745609042581814
20180720;170;13388.69;0.05;0.09;0.1;0.062;0.0565096368406365;0.239820698393431;0.235632859128495;0.9991;6.10040351040386;0.0032921455897251;0.0501023406936288
20180720;175;13800.75;0.06;0.12;0.15;0.078;0.0671107090815783;0.370676989559038;0.181049029132923;0.9987;8.37637762955513;0.0037930078498365;0.0577248382146993
20180720;180;14221.33;0.1;0.14;0.2;0.112;0.0925972850794044;0.534533769644573;0.173230000306576;0.9978;8.819415872998;0.00507870096270429;0.077291480276156
20180720;185;14655.98;0.15;0.2;0.27;0.165;0.131662479267978;0.736348870712788;0.178804483180001;0.9963;9.01014073838437;0.00700715570224732;0.106640150843576
20180720;190;15102.15;0.22;0.27;0.38;0.235;0.177971170209064;0.991364994649753;0.179521337922509;0.994;9.50480496515594;0.0091919039847353;0.13988928876769
20180720;195;15567.24;0.34;0.38;0.54;0.352;0.253234112317756;1.31621597488119;0.192395562088976;0.9887;8.74034404267646;0.0126883511533098;0.193100844114433
20180720;200;16059.3;0.47;0.53;0.77;0.488;0.312056616385598;1.74541953274263;0.178786022805219;0.9796;8.62467566737266;0.0151565859521129;0.230664292458718
20180720;205;16617.92;0.69;0.74;1.06;0.705;0.400351058174452;2.31105501220649;0.173233028231645;0.9686;9.70219559953976;0.0187913905817378;0.285981475415822
20180720;210;17221.07;1;1.04;1.48;1.012;0.513897493896938;3.02127378222751;0.170092990883485;0.9523;10.442400547234;0.0232761405208626;0.354233763551878
20180720;215;17911.22;1.42;1.47;2.05;1.435;0.637615600212218;3.88729337750905;0.164025592691642;0.9264;10.8340271710296;0.0277669621703899;0.422578455530621
20180720;220;21676.74;2;2.06;2.8;2.018;0.772008171347664;4.92689487361659;0.156692641339224;0.8926;11.6014136746028;0.0277793788942054;0.422767422546188
20180720;225;26181.91;2.8;2.87;3.8;2.821;0.918132494663703;6.14276277231154;0.149465725553033;0.8407;11.9451820799516;0.0273526013128029;0.41627240122922
20180720;230;30904.19;3.85;3.95;5.13;3.88;1.0264803803373;7.53095496639383;0.136301489640805;0.7741;12.6317822915569;0.0259076421890718;0.394281929564937
20180720;235;35897.48;5.3;5.45;6.82;5.345;1.17101400443076;9.06995284959001;0.129109161188605;0.6975;13.7983008117991;0.0254444301788313;0.387232421784089
20180727;180;14280.92;-1;-1;-1;-1;-1.0480173088761;0.974019717646093;-1.0759713483099;0.9952;10.0036060158537;-0.0572409551291763;-0.674427705191343
20180727;185;14747.32;-1;-1;-1;-1;-1.07662405889146;1.24870570918299;-0.862191988852103;0.9929;10.7921209706284;-0.0569436864416952;-0.670925208800941
20180727;190;15225.23;-1;-1;-1;-1;-1.12415074635588;1.59199409622149;-0.706127459281408;0.9879;10.2603922608166;-0.0575910894060442;-0.678553077598634
20180727;195;15740.44;-1;-1;-1;-1;-1.20458299736775;2.02886595479752;-0.593722317888647;0.9798;10.1278711568191;-0.0596917708746923;-0.703303848773593
20180727;200;16292.66;-1;-1;-1;-1;-1.3316318941375;2.5859880705231;-0.514941236317511;0.9698;10.9811885475993;-0.0637509699108217;-0.751130379352504
20180727;205;16892.19;1.02;1.13;1.39;1.053;0.535173365854173;3.27432678206146;0.163445313029275;0.9553;11.5844884596382;0.0247117292290848;0.291159970997524
20180727;210;17564.76;1.45;1.53;1.9;1.474;0.68780506176628;4.10073249955267;0.167727366230621;0.9366;12.4005510762416;0.0305434260518048;0.359870527916829
20180727;215;18357.91;1.93;2.03;2.57;1.96;0.790719745277203;5.072278918968;0.155890430693839;0.908;12.7095679861174;0.0335964933544297;0.395842554764692
20180727;220;22288.84;2.64;2.76;3.45;2.676;0.950462134948543;6.19882848944577;0.153329316429196;0.8695;13.2225123758732;0.0332615095832651;0.391895689525406
20180727;225;26912.14;3.55;3.7;4.57;3.595;1.09686412494642;7.48726779076613;0.146497247807693;0.8168;13.636112855096;0.0317906349126531;0.374565464575695
20180727;227.5;29242.3;4.05;4.2;5.28;4.095;1.10416804774017;8.18835909134507;0.134846070552433;0.7891;14.181280001232;0.0294522345108741;0.347013827583767
20180727;230;31707.98;4.7;4.85;6.04;4.745;1.18868960524716;8.92657619092194;0.133162993271264;0.7581;14.7015725289493;0.0292411529240521;0.344526809855162
20180727;232.5;34194.59;5.4;5.8;6.8;5.52;1.31598607977451;9.69661685403108;0.135716002765174;0.7234;15.1988934209164;0.0300184661440339;0.353685314809948
20180727;235;36793.15;6.25;6.45;7.77;6.31;1.36911405030197;10.4934074813101;0.130473733412193;0.687;15.7855781140512;0.0290246678861564;0.341976127271568
20180727;237.5;39423.8;7.1;7.35;8.77;7.175;1.4055172510817;11.3126763459665;0.124242682111455;0.6497;16.470119180469;0.0278081629838758;0.327642952576149
20180803;180;14312.09;-1;-1;-1;-1;-1.0685473413943;1.20785139924892;-0.884667883862832;0.9939;11.2372690810334;-0.0582351652545196;-0.559747213400349
20180803;185;14792.75;-1;-1;-1;-1;-1.10853837479116;1.52416509644669;-0.727308594964889;0.9904;11.306080707413;-0.0584516017871666;-0.561827567177963
20180803;190;15300.76;-1;-1;-1;-1;-1.17397694586897;1.91907883362944;-0.611739822927802;0.9833;10.4177811897585;-0.0598468322996893;-0.575238302564777
20180803;195;15841.18;-1;-1;-1;-1;-1.27987976788834;2.42145020245592;-0.528559194234199;0.9745;10.9756771720917;-0.0630196878611886;-0.605735289244714
20180803;200;16443.37;-1;-1;-1;-1;-1.43694135634286;3.04691058415581;-0.47160601424114;0.9623;11.5899564016675;-0.0681620773568577;-0.65516312512085
20180803;205;17118.79;1.28;1.6;1.63;1.376;0.713179437921191;3.80348012478418;0.187507076288892;0.9461;12.2972274968239;0.032495285097751;0.312339549525094
20180803;210;17873.89;1.74;2.09;2.36;1.845;0.858060116100682;4.70119085477989;0.182519736510645;0.9252;13.1943834745898;0.0374449485007758;0.359914932629167
20180803;215;18733.38;2.35;2.68;3.08;2.449;1.0170292644531;5.74456221573222;0.177042083671378;0.8956;13.716194784932;0.0423459528538587;0.407022612628208
20180803;220;22776.98;3.1;3.4;3.91;3.19;1.13718140959458;6.93351873891654;0.164012163580347;0.8518;13.8516773981472;0.0389428931967175;0.374312940528976
20180803;225;27506.18;4.1;4.55;5.47;4.235;1.32749808997089;8.27282342228501;0.160464937084832;0.805;14.9102662052775;0.0376442134159411;0.361830235530855
20180803;227.5;29920.64;4.75;5.15;6.25;4.87;1.43655888964073;8.99593837192522;0.159689721099467;0.7744;15.2191538579755;0.0374495978000393;0.359959620959588
20180803;230;32430.53;5.4;5.7;7.04;5.49;1.45733577224747;9.75148965657527;0.149447502235191;0.7462;15.8891419533196;0.0350509813546997;0.336904498415897
20180803;232.5;34969.5;6.2;6.65;7.85;6.335;1.62762751255362;10.5363344679442;0.154477585872537;0.7149;16.5113030075285;0.0363044784681457;0.348952914749743
20180803;235;37606.57;7.05;7.7;8.66;7.245;1.78518160694616;11.3467986571374;0.157329098795917;0.6825;17.1962784033192;0.0370265528980176;0.355893380157919
20180803;237.5;40267.67;7.95;8.7;9.55;8.175;1.87355295411814;12.1744632866407;0.153892036963472;0.6456;17.7806067886057;0.0362914294323994;0.348827489478523
20180817;170;13764.25;0.52;0.59;0.65;0.541;0.390526998247476;1.97179551650117;0.198056540335603;0.9883;12.8609403207286;0.0221305961918035;0.155446158828004
20180817;175;14287.62;0.67;0.75;0.84;0.694;0.474552916092373;2.38597437939834;0.198892712423861;0.984;13.7154427442267;0.0259071332070738;0.181972700074686
20180817;180;14826.9;0.94;0.96;1.09;0.946;0.628728181716587;2.87985891397938;0.218319091489039;0.9761;13.2749714762934;0.0330755573814444;0.232323987184088
20180817;185;15428.83;1.16;1.23;1.4;1.181;0.723325949126918;3.46649674117876;0.208661944070069;0.966;13.4610014962671;0.0365675323611055;0.256851753747958
20180817;190;16077.29;1.47;1.58;1.82;1.503;0.847509021891936;4.1610313093429;0.203677636356399;0.9541;14.2808491962541;0.0411174418745765;0.288810493167097
20180817;195;16795.64;1.97;2.02;2.34;1.985;1.05910339643271;4.97181738261226;0.213021379292142;0.937;14.6967714851951;0.0491854224797336;0.345480299244668
20180817;200;17618.95;2.51;2.57;2.93;2.528;1.23770843192115;5.90867216089725;0.209473194351877;0.9171;15.5644338730862;0.054793990385267;0.384875095927284
20180817;205;18507.88;3.15;3.25;3.72;3.18;1.41610666700164;6.97411576001758;0.203051786883169;0.8931;16.5004053601343;0.0596806981816004;0.41919951943903
20180817;210;19550.85;4;4.1;4.65;4.03;1.65364779814792;8.16546832694184;0.202517201945629;0.8614;17.1453982817611;0.065973872366438;0.46340301695849
20180817;215;20717.22;5;5.15;5.79;5.045;1.88684572281343;9.47999176042364;0.19903453193815;0.8247;18.0157117922793;0.071039437906943;0.498983744144441
20180817;220;24955.88;6.25;6.35;7.12;6.28;2.14944416462845;10.9111437486131;0.196995311779451;0.7836;19.0875962817539;0.0671812193523206;0.471883468623752
20180817;225;29998.48;7.65;7.8;8.66;7.695;2.37929114478126;12.446415071712;0.191162767035535;0.7399;20.4371736071462;0.0618647042426612;0.434540062012154
20180817;230;35196.82;9.3;9.45;10.46;9.345;2.6053381501008;14.0648169525315;0.185237970667786;0.6905;21.7759672048439;0.0577371409428075;0.405547898641547
20180817;235;40549.43;11.25;11.4;12.53;11.295;2.88541742133366;15.7501511267253;0.183199348254989;0.6415;23.4576919907011;0.0555032608014529;0.389857038610205
20180921;120;9497.92;0.08;0.13;0.13;0.095;0.0735494703861943;0.719579703765664;0.102211707752872;0.9987;16.5004073952352;0.00604012108979982;0.0253580945752803
20180921;125;9913.3;0.11;0.16;0.17;0.125;0.0955783407058957;0.876720087819463;0.109018080039222;0.9978;13.3734814973201;0.00752031167730208;0.0315723429900527
20180921;130;10335.23;0.15;0.2;0.22;0.165;0.122344598603593;1.0608641455061;0.115325415720621;0.9972;15.2340719272881;0.00923334912825382;0.0387641467712035
20180921;135;10756.55;0.2;0.25;0.26;0.215;0.156768035312626;1.2754301983173;0.12291384939721;0.9967;17.6460499052649;0.0113678705108839;0.0477254563689695
20180921;140;11198.55;0.24;0.31;0.33;0.261;0.183223530661407;1.51599597698333;0.120860169448472;0.9954;16.9079281170854;0.0127618623764592;0.0535778187701349
20180921;145;11642.98;0.32;0.4;0.41;0.344;0.240855525255075;1.78733289397682;0.134756947665843;0.9946;19.1008286564677;0.016135672284841;0.0677420034717032
20180921;150;12108.43;0.41;0.49;0.52;0.434;0.297092338555511;2.09254365702484;0.141976650072818;0.9924;18.014165979538;0.0191380735630713;0.0803469122863422
20180921;155;12589.74;0.53;0.62;0.67;0.557;0.375237859067355;2.43859975166272;0.153874312015125;0.9895;17.3106800888234;0.0232479407892885;0.0976012686584783
20180921;160;13095.8;0.67;0.76;0.83;0.697;0.453914715256863;2.83354781809795;0.16019306692398;0.9858;17.1186820241646;0.0270356509644583;0.113503120859407
20180921;165;13631.56;0.86;0.97;1.05;0.893;0.564738996357585;3.28798496952719;0.171758387459659;0.9795;16.0127318849958;0.0323144538966132;0.135664991790092
20180921;170;14199.89;1.09;1.18;1.31;1.117;0.670343946421235;3.81682059618507;0.175628885227471;0.9735;16.8549454180666;0.0368219949738035;0.154588892691744
20180921;175;14816.54;1.39;1.49;1.64;1.42;0.821980312303103;4.42724506040434;0.185664064466319;0.9655;17.3339039912144;0.0432722243922279;0.181668735163922
20180921;180;15476.22;1.76;1.84;2.05;1.784;0.990269136023964;5.12287143975048;0.193303530582488;0.9561;18.0804297033266;0.0499094692436972;0.209533720014488
20180921;185;16204.31;2.2;2.27;2.55;2.221;1.17713377379761;5.9093372119299;0.199198951012847;0.9427;18.2175606667083;0.0566617365109739;0.237881600696933
20180921;190;16999.15;2.75;2.8;3.13;2.765;1.3965444749764;6.79266040842179;0.205596097994965;0.9274;18.8492496559724;0.0640799504964422;0.269025309411788
20180921;195;17875.47;3.35;3.45;3.85;3.38;1.6082112095841;7.77864880732699;0.206746859180641;0.9107;19.8408599150717;0.0701746439940094;0.294612514009333
20180921;200;18851.4;4.15;4.25;4.68;4.18;1.91752097001295;8.86697884488079;0.216254149644217;0.8917;20.8908497690401;0.0793398026995397;0.333090378574792
20180921;205;19905.71;5;5.15;5.65;5.045;2.17974030763145;10.0536023684455;0.216811867801022;0.8671;21.5595161201546;0.0854125494620654;0.358585444724361
20180921;210;21115.23;6.05;6.2;6.78;6.095;2.50078325385245;11.3382421697722;0.220561813410509;0.8406;22.5484112054426;0.092379336526522;0.387833938693243
20180921;215;22391.65;7.3;7.4;8.08;7.33;2.85941038764601;12.7152090716881;0.224881114539658;0.808;23.2843208976771;0.0996058844419185;0.418172980372537
20180921;220;26898.53;8.65;8.75;9.66;8.68;3.17159674121928;14.1802156009879;0.223663506286768;0.7738;24.3519153792251;0.0919695410177077;0.386113504100204
20180921;225;31983.04;10.2;10.35;11.29;10.245;3.5044700424316;15.718549358125;0.222951238220982;0.7331;25.2548893127329;0.0854667546642422;0.358813013116258
20180921;230;37309.01;12;12.15;13.16;12.045;3.86982801930189;17.3228834968709;0.223393987496418;0.692;26.5427661710978;0.08090447468468;0.339659303202062
20180921;235;42731.68;14;14.15;15.28;14.045;4.23126775408856;18.9837561910053;0.222888858849408;0.6509;28.1115217585547;0.0772351765291952;0.324254577325156
