Expiry;Strike;ReqMar;Bid;Ask;Last/Close;Premium;E[PnL];S[PnL];Sharpe;Prob(%);LGL;E[Return](%);Ann[Return](%)
20180706;85;6684.04;0.02;0.05;0.02;0.029;0.029;0;∞;1;0;0.00338418082477065;0.123607204624748
20180706;90;7096.05;0.01;0.14;0.12;0.049;0.0484210528362768;0.0497953987930781;0.972400141577089;0.9996;1.44736790930808;0.00532245703064323;0.194402743044244
20180706;91;7172.76;-1;-1;-1;-1;-1.00103585741714;0.0637909475348792;-15.6924437729945;0.9995;2.07171483427219;-0.108857395031392;-3.97601635352159
20180706;92;7252.04;-1;-1;-1;-1;-1.00169886585591;0.0822385900687075;-12.1803993115522;0.9992;2.12358231988676;-0.107738665998479;-3.93515477559444
20180706;93;7608.01;0.14;0.06;0.14;0.116;0.113414330655536;0.104769703444718;1.08251075384001;0.9988;2.15472445371985;0.0116276369131111;0.424699438251382
20180706;93.5;7924.72;0.15;0.53;0.15;0.264;0.260736771969564;0.117808749113408;2.21322078310642;0.9985;2.1754853536241;0.0256633271757563;0.9373530250945
20180706;94;8324.53;-1;-1;-1;-1;-1.00424062876498;0.132617598735675;-7.57245371910682;0.9976;1.76692865207446;-0.0940963262114117;-3.43686831487181
20180706;94.5;8719.91;0.16;1.32;0.16;0.508;0.502342303099096;0.149962008729642;3.34979710764438;0.9968;1.76803028153257;0.0449347523560788;1.64124182980578
20180706;95;9119.66;0.03;2.6;0.16;0.801;0.793537483248721;0.170276016705353;4.66030095490115;0.9959;1.82012603689743;0.0678708676566892;2.47898344116057
20180706;95.5;9588.45;0.17;1.77;0.17;0.65;0.64026837329742;0.19372155989661;3.3050961061801;0.9951;1.98604626583262;0.0520844694577317;1.90238524694365
20180706;96;9924.53;0.01;0.8;0.17;0.247;0.23459615169029;0.220241801710224;1.06517541115539;0.9943;2.17611373854553;0.0184376487670879;0.673435121217884
20180706;96.5;10329.03;0.04;1.49;0.18;0.475;0.459148548652;0.249876251087909;1.83750375096858;0.992;1.98143141850006;0.0346727493238532;1.26642216905374
20180706;97;10737.29;0.06;0.29;0.18;0.129;0.108411805961819;0.283476211284031;0.38243704990538;0.9892;1.90631426279456;0.00787547031422441;0.287651553227047
20180706;97.5;11151.55;0.09;0.33;0.19;0.162;0.135023160488137;0.32199374154808;0.419334735634839;0.9851;1.81052614173579;0.00944425350563345;0.344951359293262
20180706;98;11564.75;0.11;0.25;0.19;0.152;0.116646744704371;0.366293317992099;0.318451740653612;0.981;1.86069764713837;0.00786739539284544;0.28735661672368
20180706;98.5;11987.1;0.14;0.37;0.26;0.209;0.162777221246689;0.416936974654359;0.390412055399095;0.9751;1.85633649611693;0.0105919056796404;0.386869354948864
20180706;99;12412.15;0.17;0.4;0.34;0.239;0.178335180852075;0.474773397704617;0.375621679130023;0.9673;1.85519324611392;0.0112068772182594;0.409331190396924
20180706;99.5;12846.06;0.22;1.53;0.41;0.613;0.534034206508303;0.540713504296422;0.987647251760783;0.9598;1.96432322118649;0.0324260264296194;1.18436061534185
20180706;100;13286.43;0.27;0.43;0.48;0.318;0.215478168009903;0.615007366820459;0.350366808000867;0.9453;1.87425652632719;0.0126499722685269;0.462040237107946
20180706;101;14200.54;0.45;0.57;0.63;0.486;0.308661594167885;0.793632100934369;0.388922768880553;0.9024;1.81699186303396;0.0169540062174361;0.619245077091855
20180706;102;15170.97;0.71;0.99;0.83;0.794;0.489043753059502;1.02007269533443;0.479420491594642;0.8408;1.91555431495288;0.025143687409995;0.918373182650067
20180706;103;16223.41;1.04;1.24;1.13;1.1;0.595217090577153;1.29375555064039;0.460069207264485;0.7536;2.04863193759272;0.0286172469690515;1.0452449455446
20180706;104;17359.28;1.49;1.72;1.64;1.559;0.745655089893006;1.60141009604261;0.465624072019816;0.6272;2.18171917947155;0.0335043256469476;1.22374549425476
20180713;85;6672.58;-1;0.03;-1;0.009;0.00889660848607435;0.0103391513925646;0.86047762996026;0.9999;1.03391513925646;0.00103998072996322;0.0223442918599451
20180713;90;7081.48;0.03;0.06;0.03;0.039;0.0368768768111363;0.0841788761839232;0.438077561531751;0.9986;1.51651656347411;0.00406185767843534;0.0872702068852063
20180713;93;7554.41;0.05;0.09;0.1;0.062;0.0504477132220186;0.205075936621115;0.245995283762729;0.9945;2.1004157778148;0.00520877425413428;0.111912046842503
20180713;93.5;7956.12;0.06;0.12;0.12;0.078;0.0634013888575318;0.234542827374229;0.270319026880198;0.9934;2.21191077916185;0.00621572868544904;0.133546758962368
20180713;94;8357.93;0.07;0.13;0.13;0.088;0.0698459590635907;0.266842088506532;0.261750158884253;0.9919;2.24123962177893;0.00651834222942771;0.140048499958734
20180713;94.5;8766.07;0.09;0.13;0.15;0.102;0.0793481260733376;0.302261211829026;0.262515079567076;0.9904;2.359570200694;0.00706035182666843;0.151693735570038
20180713;95;9172.24;0.1;0.16;0.16;0.118;0.0899142878923726;0.34110464564366;0.263597371190022;0.9878;2.30210754980553;0.00764623958335702;0.164281706342421
20180713;95.5;9583.09;0.12;0.17;0.19;0.135;0.100154412466735;0.383762531840731;0.260980174344642;0.9848;2.29247286403057;0.00815190525436509;0.175146082009226
20180713;96;9996.83;0.15;0.2;0.21;0.165;0.12175834987319;0.430720573162157;0.282685242962264;0.9817;2.36293170091857;0.00950016284172966;0.204113792820103
20180713;96.5;10410.64;0.18;0.24;0.24;0.198;0.144532417263705;0.482414129699844;0.299602371418169;0.9776;2.38694565787029;0.0108288525456351;0.232661081899601
20180713;97;10830.15;0.21;0.26;0.27;0.225;0.159347091239596;0.539113975279294;0.295572176842651;0.9734;2.46815446467684;0.0114763628543358;0.246573031326244
20180713;97.5;11254.23;0.25;0.31;0.32;0.268;0.187645725570145;0.601077500718741;0.312182248288726;0.9678;2.49547436117562;0.0130052136791867;0.279420840960173
20180713;98;11681.4;0.28;0.36;0.37;0.304;0.205515067735148;0.668660174013304;0.307353534309729;0.9593;2.41977720552462;0.0137228202812518;0.294838829866308
20180713;98.5;12121.74;0.34;0.42;0.43;0.364;0.242522639853082;0.742691309971984;0.326545681357481;0.9485;2.35878369217317;0.0156056522483904;0.335292028454388
20180713;99;12561.17;0.4;0.47;0.49;0.421;0.270715008487319;0.824117767169684;0.328490683336498;0.9366;2.37042573363851;0.0168103533842873;0.361175386682997
20180713;99.5;13016.21;0.49;0.55;0.57;0.508;0.323207191029712;0.913610074429249;0.353769294008307;0.925;2.46390411960384;0.0193682807056106;0.416133207513192
20180713;100;13471.89;0.57;0.64;0.65;0.591;0.364631440681642;1.01119019268856;0.360596298617334;0.9088;2.48211139603463;0.0211115532959133;0.453587931843077
20180713;101;14427.43;0.79;0.87;0.87;0.814;0.475393213970764;1.23148609809457;0.386032140116173;0.8642;2.49342257753488;0.0257015079537517;0.5522044576534
20180713;102;15436.61;1.08;1.16;1.16;1.104;0.599598126496964;1.48638561606275;0.40339338595406;0.8017;2.54363022442277;0.0302972309767256;0.650944918485236
20180713;103;16510.13;1.42;1.56;1.52;1.462;0.722027061390726;1.77422403265812;0.406953715032816;0.7239;2.68009032455369;0.0341112461188837;0.732890155583664
20180713;104;17660.23;1.87;2.04;1.96;1.921;0.863321284879423;2.08810161393407;0.413447927590502;0.6372;2.91532170650655;0.0381303415757297;0.819241603560899
20180720;65;5101.86;-1;0.02;-1;0.006;0.006;0;∞;1;0;0.000917312509555339;0.0139603497547953
20180720;70;5494.27;-1;0.02;-1;0.006;0.006;0;∞;1;0;0.000851796507998333;0.0129632781060996
20180720;75;5886.81;-1;0.02;-1;0.006;0.006;0;∞;1;0;0.000794997630295525;0.01209887018606
20180720;80;6283.84;0.01;0.01;0.01;0.01;0.01;0;∞;1;0;0.00124127921780313;0.0188907180959413
20180720;85;6691.51;0.05;0.04;0.05;0.047;0.0461068289140517;0.0466451669218264;0.988458868446609;0.9996;2.23292771487072;0.00537447101670032;0.0817927307854079
20180720;90;7124.37;0.07;0.08;0.09;0.073;0.0652945924919194;0.184268563298723;0.354344720135841;0.9971;2.65703707175194;0.00714867169219132;0.108793847315537
20180720;92.5;7359.04;0.11;0.13;0.15;0.116;0.0957744952761933;0.313636602123795;0.305367723753079;0.9922;2.59301342612907;0.010151338532666;0.154490683294011
20180720;94;8431.82;0.16;0.18;0.2;0.166;0.12919253949198;0.424661535268644;0.304224726664382;0.9853;2.5039088780966;0.0119511778956079;0.181881988598782
20180720;95;9253.41;0.17;0.23;0.25;0.188;0.134555302254166;0.517977375846691;0.259770616495017;0.9807;2.76915532361834;0.0113421036956376;0.172612640617984
20180720;96;10092.3;0.27;0.31;0.31;0.282;0.205667102153717;0.627534424283142;0.32773835855883;0.9733;2.85891003169598;0.0158953201628865;0.241906903728929
20180720;97;10939.33;0.35;0.38;0.41;0.359;0.249910956307737;0.755666184375679;0.330716077383045;0.96;2.72722609230657;0.0178192399278599;0.271186557652117
20180720;97.5;11370.64;0.4;0.44;0.47;0.412;0.281120753646082;0.827951597672209;0.339537666738557;0.953;2.78466481604081;0.0192842432654577;0.293482077196184
20180720;98;11811.44;0.45;0.5;0.52;0.465;0.308640670528951;0.906353110417628;0.340530271239138;0.945;2.84289689947361;0.0203819113514171;0.310187213379379
20180720;99;12715.66;0.61;0.65;0.71;0.622;0.398949074927527;1.08230412273741;0.368610879831529;0.9192;2.76053125089695;0.0244722081624918;0.372436417972922
20180720;100;13647.66;0.81;0.85;0.9;0.822;0.502086656290621;1.28690826325003;0.390149531733228;0.8851;2.78427627249242;0.028695585316947;0.436710939042287
20180720;101;14628.96;1.06;1.11;1.17;1.075;0.619948731511584;1.52298075196165;0.407062748963223;0.8435;2.90767583698668;0.0330549820752149;0.503055508457176
20180720;102;15662.14;1.38;1.43;1.46;1.395;0.756456816543777;1.78980414157575;0.422647818815409;0.7873;3.00208360816278;0.0376727775964297;0.573332584045665
20180720;103;16754.6;1.79;1.84;1.84;1.805;0.921217817650306;2.08356675115422;0.442135015420066;0.7202;3.15862109488811;0.0428867235127809;0.652682323460134
20180720;104;17916.23;2.26;2.32;2.29;2.278;1.0752200290427;2.39771397418963;0.448435485056593;0.6402;3.34291264857504;0.0468107198140069;0.712400642169418
20180727;85;6718.38;0.01;0.08;0.07;0.031;0.0247726449287276;0.220923348766012;0.112132307730702;0.9984;3.89209691954522;0.00287608962940583;0.0338868302303381
20180727;90;7177.9;0.01;0.16;0.11;0.055;0.0320293755826908;0.422993114594282;0.0757207965746963;0.9947;4.33408007873758;0.00348053232205782;0.0410085300203748
20180727;93.5;8151.8;0.1;1.31;0.34;0.463;0.404619116607733;0.661509612480399;0.611660222276395;0.983;3.43416961130985;0.0387157328386407;0.456158755461727
20180727;94;8569.35;0.13;1.38;0.37;0.505;0.437577804407721;0.706591151052253;0.619280051492412;0.9807;3.49337800996263;0.0398292387915096;0.469278369954802
20180727;94.5;8986.09;0.02;1.41;0.4;0.437;0.359055027738068;0.755164945119725;0.475465698002101;0.9773;3.43369921858729;0.0311662716081959;0.367209054996567
20180727;95;9402.23;0.24;1.28;0.44;0.552;0.461428411345469;0.807597997728615;0.571359033384487;0.9725;3.29351231471024;0.0382796592775826;0.451020824230227
20180727;95.5;9827.53;0.28;1.33;0.5;0.595;0.489493948253804;0.864354853531279;0.566311331803137;0.9676;3.25635962179618;0.0388505839857998;0.457747606477851
20180727;96;10252.94;0.37;0.61;0.57;0.442;0.31902328302325;0.925820159449045;0.344584506793523;0.9617;3.21088033881853;0.0242699324055476;0.285954606810525
20180727;96.5;10679.6;0.63;1.63;0.63;0.93;0.786635463531014;0.992303337706047;0.792736891674188;0.956;3.25828491974968;0.0574530564397722;0.676926737568606
20180727;97;11107.4;0.45;1.26;0.69;0.693;0.525545832300519;1.06408384244978;0.493895134325678;0.947;3.15951259810342;0.0369056439125632;0.434831820614958
20180727;97.5;11551.37;0.52;1.32;0.76;0.76;0.563895778431396;1.14162521232788;0.493941244764172;0.9384;3.18351009039942;0.0380767568848101;0.448630175876674
20180727;98;11994.87;0.59;0.99;0.82;0.71;0.480381538341066;1.22535006854187;0.392036162296628;0.9276;3.17152571352118;0.0312381543031339;0.368055995458699
20180727;98.5;12439.6;0.7;1.03;0.89;0.799;0.529624382518517;1.31552784089354;0.402594582991708;0.9142;3.13957596132264;0.0332090274899871;0.391277331958638
20180727;99;12899.68;0.81;1.1;0.95;0.897;0.581294628570993;1.41263152705102;0.411497703002913;0.9007;3.17930887642505;0.0351489192201182;0.414133636940264
20180727;99.5;13366.72;0.91;1.34;1.04;1.039;0.669967038726694;1.51683047549532;0.441688804088616;0.8857;3.22863483178746;0.0390951774411988;0.460629469690254
20180727;100;13833.58;1.04;1.2;1.12;1.088;0.656969294328996;1.62801672960836;0.403539645742485;0.866;3.2166470572463;0.0370429093247458;0.436449117124626
20180727;101;14820.18;1.29;1.54;1.39;1.365;0.778660736382848;1.87164033502565;0.416031179608114;0.8249;3.34859659404427;0.0409816462673612;0.482856332230764
20180727;102;15853.61;1.62;1.81;1.7;1.677;0.89162718650587;2.14323021421656;0.416020257922594;0.775;3.49054583775169;0.0438681918802455;0.516866357556763
20180727;103;16946.7;1.97;2.33;2.04;2.078;1.03964258857182;2.43851939069668;0.426341735291594;0.7169;3.66781141444075;0.0478512760057133;0.563796082615703
20180727;104;18092.64;2.44;2.65;2.49;2.503;1.1498527893852;2.75225351517746;0.417785928165509;0.6535;3.90518675502107;0.0495718245496763;0.584068029573203
20180803;90;7217.27;-1;-1;-1;-1;-1.0342080091409;0.525832194335176;-1.96680237589575;0.992;4.27600114261236;-0.111771105574532;-1.0743262187131
20180803;95;9525.77;-1;-1;-1;-1;-1.12035301970207;0.965349550808882;-1.16056719430107;0.9654;3.47841097404817;-0.0917380280405271;-0.881771440573751
20180803;96.5;10686.63;0.42;1.68;0.65;0.798;0.611152788301845;1.16836741748219;0.523082704256567;0.9456;3.43469139151021;0.0446070627387155;0.428756043824101
20180803;97;11132.96;0.56;0.88;0.72;0.656;0.440078859059955;1.24677500984289;0.352973756760981;0.9375;3.45473825504072;0.0308329060794941;0.296361024882506
20180803;97.5;11593.32;0.62;1.29;0.79;0.821;0.571358626835496;1.33084269070033;0.429320933892518;0.9275;3.44332928502764;0.0384410789085169;0.369489580824626
20180803;98;12050.61;0.71;1.3;0.87;0.887;0.598741210582595;1.42088210944265;0.421386972644378;0.9178;3.50679792478595;0.0387547306115146;0.372504351469887
20180803;98.5;12516.19;0.88;1.4;0.96;1.036;0.702765903398141;1.5169531517028;0.463274625593596;0.9023;3.41078911567921;0.0437958679638572;0.420958967731549
20180803;99;12996.48;0.99;1.09;1.05;1.02;0.634677519776374;1.61941499326999;0.391917774266624;0.889;3.47137369570834;0.0380909650478877;0.366124341677395
20180803;99.5;13476.8;1.1;1.17;1.16;1.121;0.676356347948175;1.72848296587282;0.391300557368606;0.8741;3.53172082646406;0.0391456392763547;0.376261703833909
20180803;100;13975.51;1.09;1.31;1.29;1.156;0.644202980166343;1.84417755827213;0.349317221260365;0.8571;3.58150468742937;0.0359542030687787;0.345586122917669
20180803;101;14973.21;1.52;1.62;1.59;1.55;0.874633226919657;2.09444643132185;0.417596370019192;0.8148;3.64668883952669;0.0455623020713216;0.437937653461847
20180803;102;16024.67;1.84;1.96;1.9;1.876;0.992873293992441;2.36937208107981;0.419044903044503;0.7698;3.83634537796507;0.0483280572588455;0.46452165562614
20180803;103;17120.94;2.21;2.37;2.28;2.258;1.11870095537459;2.66632711108603;0.41956628304279;0.7163;4.0158584583201;0.0509660535690318;0.489877659633917
20180803;104;18264.87;2.63;2.85;2.73;2.696;1.24185338436259;2.97919386894405;0.416842085138539;0.6526;4.18579912388431;0.0530332622024039;0.509747342616527
20180817;70;5500.58;0.01;0.03;0.01;0.016;0.0159379196810516;0.0062080318948361;2.56730634620434;0.9999;0.62080318948361;0.00226004845874804;0.0158746672991869
20180817;75;5918.14;0.04;0.05;0.04;0.043;0.0406261997904084;0.0976266881258226;0.416138256560017;0.9992;2.96725026198955;0.00535445863675386;0.0376099234052759
20180817;80;6332.59;0.04;0.08;0.07;0.052;0.0437362825213407;0.242425872360601;0.180410952409751;0.9983;4.86101028156428;0.00538710075445367;0.0378392028954654
20180817;85;6786.68;0.13;0.16;0.16;0.139;0.113944502548681;0.456681982754678;0.249505141107985;0.9943;4.39570130724903;0.0130957569810232;0.0919851007176681
20180817;90;7322.65;0.3;0.34;0.35;0.312;0.230945353611386;0.822027509600101;0.280946015692025;0.9804;4.13544114227622;0.0246000253756333;0.17279152439327
20180817;92.5;7653.77;0.44;0.52;0.54;0.464;0.31322057672979;1.10501260435996;0.283454302235052;0.9626;4.03153538155642;0.0319204849177903;0.224210713773518
20180817;95;9680.86;0.78;0.81;0.81;0.789;0.509642564822138;1.48673721580853;0.342792633024242;0.9326;4.14476906792081;0.0410625916045958;0.288425222761127
20180817;97.5;11991.09;1.22;1.25;1.27;1.229;0.722243034210137;1.98677189910211;0.36352589571885;0.883;4.33125611786208;0.0469806803788402;0.329994105930219
20180817;100;14462.64;1.87;1.91;1.92;1.882;0.995620213336896;2.61197400943384;0.381175390620638;0.8084;4.62619930408718;0.0536958512693934;0.377161724541268
20180921;60;4709.72;-1;0.03;-1;0.009;0.009;0;∞;1;0;0.00149053446914042;0.00625767488337399
20180921;65;5107.63;0.01;0.04;0.01;0.019;0.019;0;∞;1;0;0.00290154141940587;0.012181471303885
20180921;70;5525.62;0.04;0.06;0.04;0.046;0.0455446034350526;0.0352091614671227;1.29354411003457;0.9998;2.27698282473703;0.00642910491118481;0.0269911559633362
20180921;75;5950.95;0.05;0.1;0.08;0.065;0.0618348302025793;0.118744724089173;0.520737495302473;0.9985;2.11011319828047;0.00810478453994939;0.0340261213013393
20180921;80;6398.44;0.12;0.16;0.16;0.132;0.113864466288058;0.320157891443743;0.355650975131645;0.9941;3.07381927321043;0.0138806152288191;0.0582746518658183
20180921;85;6887.51;0.25;0.29;0.29;0.262;0.197911199255504;0.691595295555674;0.286166202296805;0.9865;4.74731857366637;0.0224131413848101;0.094096550468987
20180921;87.5;7170.51;0.36;0.4;0.41;0.372;0.264910102537978;0.943510769834528;0.280770618637917;0.9784;4.95786562324178;0.028816622524705;0.120980130771822
20180921;90;7497.83;0.53;0.56;0.57;0.539;0.364834129766887;1.24971711034636;0.291933371757847;0.9661;5.13763629006234;0.0379537307751938;0.15934023178896
20180921;92.5;7893.02;0.79;0.82;0.83;0.799;0.517623731505626;1.62198236126398;0.31913030860721;0.9464;5.24955724802937;0.0511523486034988;0.214751670430206
20180921;95;9987.25;1.15;1.19;1.19;1.162;0.713174288531895;2.07411584346758;0.343844964483559;0.9161;5.34953172190829;0.0556986102335355;0.23383813089424
20180921;97.5;12361.48;1.68;1.72;1.74;1.692;0.978389621256909;2.61782626124704;0.373741235520664;0.8697;5.47667213156632;0.061735642057455;0.259183255879143
20180921;100;14922.11;2.39;2.46;2.47;2.411;1.29754312183815;3.25954698815265;0.398074679258889;0.8048;5.70418482664885;0.0678244320028303;0.28474567573602
20181019;60;4717.36;-1;0.02;-1;0.006;0.00545332676975663;0.0546673230243367;0.0997547797855207;0.9999;5.46673230243367;0.000901689690930981;0.00286384486619601
20181019;65;5115.67;0.02;0.05;0.02;0.029;0.0266986696492179;0.12140735072708;0.219909828270906;0.9994;3.83555058463688;0.00407081815801057;0.0129292724540292
20181019;70;5545.55;0.03;0.07;0.07;0.042;0.0348850432796598;0.240969343549175;0.144769632376663;0.9983;4.18526865902366;0.00490669703782937;0.0155840964614537
20181019;75;5949.46;0.08;0.12;0.12;0.092;0.0723615995613869;0.428515853055364;0.168865630163834;0.9964;5.45511123294808;0.00948691942762566;0.0301312810516546
20181019;80;6434.69;0.17;0.22;0.21;0.185;0.141256835175397;0.696411027499721;0.202835437116127;0.9925;5.83242197661375;0.0171228655050686;0.0543837097889243
20181019;85;6972.58;0.35;0.4;0.4;0.365;0.26084243474294;1.08347471204499;0.240746213864667;0.9818;5.72294314599228;0.0291796005351668;0.0926769486562581
20181019;90;7654.55;0.71;0.77;0.8;0.728;0.482990055727454;1.66670921579482;0.289786635335262;0.9576;5.7785364215223;0.0492167721769946;0.156316748153455
20181019;92.5;8090.39;1.01;1.07;1.1;1.028;0.655847267357749;2.05477595243392;0.319181887728872;0.9382;6.02188887770633;0.0632306809114325;0.200826140894789
20181019;95;10232.18;1.42;1.5;1.52;1.444;0.882687744336718;2.51941381140213;0.350354411943736;0.9075;6.06824060176521;0.0672873659946013;0.213710525474158
20181019;97.5;12648.51;2;2.08;2.1;2.024;1.17876977765438;3.06912881234389;0.384073087096712;0.8647;6.2470822050674;0.0726915997671202;0.230874841869049
20181019;100;15205.17;2.75;2.85;2.85;2.78;1.52757781342908;3.70812742884116;0.411953969420752;0.8072;6.49596569798195;0.0783622080170549;0.248885186767211
