Expiry;Strike;ReqMar;Bid;Ask;Last/Close;Premium;E[PnL];S[PnL];Sharpe;Prob(%);LGL;E[Return](%);Ann[Return](%)
20180706;1280;100549.97;0.01;0.39;0.25;0.124;0.124;0;∞;1;0;0.000961909784756773;0.0351337548882411
20180706;1290;101341.52;0.27;0.39;0.27;0.306;0.306;0;∞;1;0;0.00235520446111327;0.0860238429421623
20180706;1300;102131.1;0.28;0.54;0.28;0.358;0.358;0;∞;1;0;0.00273413289389814;0.0998642039496294
20180706;1310;102920.7;0.3;0.46;0.3;0.348;0.348;0;∞;1;0;0.00263737032492006;0.0963299511177052
20180706;1320;103711.61;0.31;0.58;0.31;0.391;0.391;0;∞;1;0;0.00294065437803926;0.107407401157884
20180706;1330;104504.61;0.01;0.51;0.33;0.16;0.16;0;∞;1;0;0.00119420569102167;0.0436183628645665
20180706;1340;105300.66;0.05;0.33;0.36;0.134;0.134;0;∞;1;0;0.000992586371253514;0.0362542172100346
20180706;1350;106096.4;0.43;0.66;0.43;0.499;0.499;0;∞;1;0;0.00366855048804672;0.133993806575906
20180706;1360;106905.11;0.5;0.69;0.5;0.557;0.557;0;∞;1;0;0.00406397785849526;0.148436791281539
20180706;1370;107717.73;0.57;0.74;0.57;0.621;0.621;0;∞;1;0;0.00449675276298526;0.164243894668037
20180706;1380;108531.51;0.27;0.5;0.64;0.339;0.339;0;∞;1;0;0.00243634314126837;0.0889874332348274
20180706;1390;109344.97;0.04;0.55;0.71;0.193;0.193;0;∞;1;0;0.00137674371303957;0.0502855641187702
20180706;1400;110177.76;0.25;0.37;0.78;0.286;0.286;0;∞;1;0;0.00202472803948819;0.073953191642306
20180706;1405;110594.04;0.26;0.62;0.81;0.368;0.368;0;∞;1;0;0.0025954382351888;0.0947983815402711
20180706;1410;111009.86;0.28;0.63;0.85;0.385;0.384444482749746;0.0405611258522072;9.47815117732552;0.9998;2.7775862512691;0.00270126182074999;0.0986635880028936
20180706;1415;111423.21;0.37;0.64;0.88;0.451;0.449051006305985;0.117244764006136;3.83003036521515;0.9997;6.49664564671525;0.00314350829525257;0.1148166404841
20180706;1420;111837.19;0.39;0.72;0.92;0.489;0.485551006305985;0.201818911650419;2.40587466424868;0.9997;11.4966456467153;0.0033864386696292;0.123689672408207
20180706;1425;112250.3;0.07;0.92;0.96;0.325;0.320051006305985;0.287597655088901;1.11284289229358;0.9997;16.4966456467153;0.00222395650540505;0.0812300113599195
20180706;1427.5;112456.54;-1;-1;-1;-1;-1.00569899369401;0.330646420147808;-3.04161464456334;0.9997;18.9966456467153;-0.00697554108530577;-0.254781638140793
20180706;1430;112662.54;0.42;0.67;1.01;0.495;0.488551006305985;0.373752523771385;1.30715105646971;0.9997;21.4966456467153;0.00338240008541143;0.123542163119652
20180706;1432.5;112873.29;-1;-1;-1;-1;-1.00719899369401;0.416898180398273;-2.41593521164284;0.9997;23.9966456467153;-0.00696015164509984;-0.254219538837272
20180706;1435;113086.21;0.44;0.71;1.05;0.521;0.513051006305985;0.460072262300494;1.11515309299583;0.9997;26.4966456467153;0.00353871426868642;0.129251538663771
20180706;1437.5;113298.81;-1;-1;-1;-1;-1.00886138209964;0.503526567929644;-2.00359116351652;0.9996;22.1534552490875;-0.00694545580873899;-0.253682773414192
20180706;1440;113511.09;0.46;0.72;1.09;0.538;0.528118367305205;0.548028806779416;0.963668991067791;0.9995;19.7632653895906;0.00362900511745645;0.132549411915097
20180706;1442.5;113723.06;-1;-1;-1;-1;-1.0111316326948;0.594009866220352;-1.70221353245959;0.9995;22.2632653895906;-0.00693511653223137;-0.253305131339751
20180706;1445;113934.72;0.48;0.75;1.15;0.561;0.548486828337894;0.641698633599321;0.854742085488639;0.9994;20.8552861035105;0.00375495482065131;0.137149724824289
20180706;1447.5;114146.11;-1;-1;-1;-1;-1.01401317166211;0.69141871064391;-1.46656889096589;0.9994;23.3552861035105;-0.00692910405704095;-0.253085525683421
20180706;1450;114357.37;0.51;0.79;1.23;0.594;0.578301222507971;0.743086479565862;0.778242154057002;0.9993;22.4268249886124;0.00394443273359835;0.14407040559468
20180706;1452.5;114568.36;-1;-1;-1;-1;-1.01744877749203;0.796866787655643;-1.27681162429335;0.9993;24.9268249886124;-0.00692695650390546;-0.253007086305147
20180706;1455;114779.08;0.54;0.83;1.3;0.627;0.607801222507971;0.852385234444267;0.713059304581035;0.9993;27.4268249886124;0.00413041255911981;0.150863318721851
20180706;1457.5;114989.55;-1;-1;-1;-1;-1.02094877749203;0.909323511190346;-1.1227563841999;0.9993;29.9268249886124;-0.0069253253573371;-0.252947508676738
20180706;1460;115199.77;0.57;0.86;1.37;0.657;0.634226079097022;0.967458377005033;0.655559034033485;0.9992;28.4674011287222;0.00429424765080414;0.156847395445621
20180706;1462.5;115409.77;-1;-1;-1;-1;-1.02477739858619;1.02701608912476;-0.997820199155328;0.9991;27.5304428735457;-0.00692598530347326;-0.252971613209361
20180706;1465;115619.54;0.59;0.89;1.45;0.68;0.652972601413809;1.08819594756447;0.600050572578636;0.9991;30.0304428735457;0.00440512589050926;0.160897223150851
20180706;1467.5;115829.11;-1;-1;-1;-1;-1.02954097193414;1.15115242609659;-0.894356775518585;0.9989;26.8554290310359;-0.00693298910877092;-0.253227427197858
20180706;1470;116038.47;0.65;0.93;1.53;0.734;0.701541974814486;1.2164889850076;0.57669406255257;0.9988;27.0483543212613;0.0047157010977075;0.172240982593767
20180706;1472.5;116247.66;0.65;0.96;1.56;0.743;0.707541974814486;1.28430868125817;0.550912709023617;0.9988;29.5483543212613;0.00474747397371525;0.17340148688995
20180706;1475;116458.72;0.67;0.97;1.6;0.76;0.721401213819227;1.35433486772307;0.532660888390223;0.9987;29.6913739852101;0.00483169441308471;0.176477638437919
20180706;1477.5;116677.52;0.67;0.98;1.65;0.763;0.721151213819227;1.42656948585779;0.505514257081982;0.9987;32.1913739852101;0.0048209624851385;0.176085654769684
20180706;1480;116896.09;0.69;1;1.7;0.783;0.737561665785142;1.50088383706605;0.491418221430739;0.9984;28.3989588842864;0.00492144860715539;0.17975591037635
20180706;1482.5;117114.45;0.72;1.03;1.74;0.813;0.763561665785142;1.57781118653389;0.483937287491618;0.9984;30.8989588842864;0.00508543650516576;0.18574556835118
20180706;1485;117332.6;0.73;1.06;1.79;0.829;0.775348435906903;1.65732491188908;0.467831280604558;0.9983;31.5597435841744;0.00515433715785199;0.188262164690544
20180706;1487.5;117550.57;0.75;1.08;1.83;0.849;0.790905459126538;1.73940003384011;0.454700151626673;0.9982;32.2747449297014;0.00524800737349635;0.191683469316954
20180706;1490;117768.37;0.77;1.1;1.9;0.869;0.806405459126537;1.82393042690637;0.442125120141949;0.9982;34.7747449297014;0.00534096088889317;0.195078596466823
20180706;1492.5;117986.03;0.79;1.12;1.97;0.889;0.821800933955615;1.91062526425657;0.430121463025551;0.9981;35.3679294970445;0.00543288666027139;0.198436185266413
20180706;1495;118203.79;0.81;1.16;2.04;0.915;0.842887165459389;1.9994943446497;0.421550162277183;0.998;36.0564172703053;0.00556202122671637;0.203152825305815
20180706;1497.5;118421.52;0.84;1.18;2.1;0.942;0.864796888842038;2.09055028365357;0.413669499176393;0.9979;36.7633862656964;0.00569610636053978;0.208050284818716
20180706;1500;118630.02;0.88;1.2;2.17;0.976;0.89324425140171;2.18381500310672;0.409029267649031;0.9976;34.4815619159541;0.00587313831771531;0.214516377054552
20180706;1502.5;119361.77;0.9;1.24;2.24;1.002;0.913202094023211;2.27966021795474;0.400586932574766;0.9975;35.5191623907157;0.00596755253661289;0.217964856399786
20180706;1505;121249.23;0.94;1.26;2.31;1.036;0.940952094023211;2.37810051385957;0.395673811320986;0.9975;38.0191623907157;0.00605317356108657;0.221092164318687
20180706;1507.5;123328.81;0.95;1.28;2.38;1.049;0.947098428720524;2.47910100467962;0.382033013956573;0.9971;35.1384728549917;0.00598997731675193;0.218783921494364
20180706;1510;125215.73;0.99;1.33;2.46;1.092;0.982638188205962;2.58309791368504;0.380410739755557;0.9969;35.2780038045285;0.00612109825818729;0.223573113880291
20180706;1512.5;127295.74;1.01;1.34;2.54;1.109;0.991603774562546;2.69018620976681;0.368600422886154;0.9966;34.5283015992512;0.00607601593076709;0.221926481871268
20180706;1515;129182.21;1.06;1.39;2.65;1.159;1.032935704704;2.80061728193633;0.368824298616709;0.9963;34.0714311610806;0.00623684832198738;0.227800884960589
20180706;1517.5;131274.19;1.11;1.43;2.76;1.206;1.07056144399987;2.91455488412702;0.367315589021934;0.9961;34.7278348718278;0.00636102135781527;0.232336305094203
20180706;1520;133177.2;1.14;1.47;2.87;1.239;1.09381144399987;3.03208372714259;0.360745791485999;0.9961;37.2278348718278;0.00640629872320412;0.23399006086503
20180706;1522.5;135271.84;1.16;1.51;2.98;1.265;1.10934003730451;3.1531163561132;0.351823374723785;0.9955;34.5911028212204;0.00639663975220206;0.23363726694918
20180706;1525;137174.95;1.21;1.55;3.09;1.312;1.14505952475105;3.27795943661091;0.349320834163503;0.9954;36.2914076628152;0.00651100240463597;0.237814362829329
20180706;1527.5;139269.75;1.25;1.59;3.2;1.352;1.1730124569299;3.40660316821802;0.344334928081306;0.9947;33.7712345415279;0.00656962273864442;0.239955470528987
20180706;1530;141173.04;1.31;1.65;3.34;1.412;1.21946466666011;3.53956389137767;0.34452398772366;0.9944;34.38130952498;0.00673770600955315;0.246094711998929
20180706;1532.5;143268.09;1.34;1.69;3.47;1.445;1.23789770946137;3.67714721791898;0.336646219501088;0.994;34.5170484231056;0.00673953434697054;0.246161492023099
20180706;1535;145171.84;1.39;1.74;3.61;1.495;1.27237023893712;3.8194994778402;0.333124862647344;0.9935;34.2507324712126;0.00683637258004688;0.249698508486212
20180706;1537.5;147268.18;1.45;1.79;3.77;1.552;1.31244699578241;3.96685172527124;0.330853555080299;0.9931;34.7178266982017;0.00695132279566624;0.253897065111709
20180706;1540;149171.62;1.5;1.84;3.92;1.602;1.34475890946868;4.11932053661009;0.326451631407961;0.9927;35.2385055522355;0.00703157845564438;0.256828403092411
20180706;1542.5;151269.26;1.56;1.9;4.09;1.662;1.38568765666087;4.27692061246253;0.323991904975535;0.992;34.5390429173918;0.0071451157505198;0.260975352787736
20180706;1545;153172.31;1.61;1.95;4.27;1.712;1.41472848007333;4.43996603786065;0.318634977837578;0.9912;33.780854537122;0.0072042278036885;0.263134420529722
20180706;1547.5;155271.43;1.67;2;4.44;1.769;1.44885524810158;4.60889004731487;0.314360992175475;0.9904;33.3484116560858;0.00727826808524421;0.265838741813545
20180706;1550;157181.9;1.75;2.18;4.61;1.879;1.53364102984674;4.78417468403746;0.320565433148539;0.9896;33.207593283967;0.0076105455098867;0.277975174748612
20180706;1552.5;159307.91;1.79;2.18;4.79;1.907;1.53457821732952;4.96615019129142;0.309007613185067;0.9888;33.2519448812924;0.00751356922275253;0.274433115861036
20180706;1555;161334.66;1.82;2.23;4.96;1.943;1.54063113780423;5.15512974827698;0.298853998450603;0.9876;32.4491017899819;0.0074484446645705;0.272054441373437
20180706;1557.5;163361.87;1.89;2.29;5.16;2.01;1.57594564528881;5.35159864034051;0.294481285163892;0.987;33.3887965162453;0.00752462984982525;0.274837105264867
20180706;1560;165389.56;1.96;2.38;5.36;2.086;1.6179442739728;5.55544914292197;0.291235547720597;0.9857;32.7311696522517;0.0076304485827206;0.27870213448387
20180706;1562.5;167417.76;2.05;2.44;5.57;2.167;1.66225666524441;5.76699978621081;0.28823595055768;0.9845;32.5640861132638;0.00774446031825202;0.282866413124155
20180706;1565;169446.69;2.14;2.54;5.81;2.26;1.71446906441478;5.98663648130523;0.286382690809544;0.9831;32.2799370168772;0.00789207431696379;0.288258014427102
20180706;1567.5;171477.26;2.2;2.61;6.04;2.323;1.73442052177161;6.21498456516096;0.279070768975705;0.9825;33.6331130416224;0.00788937266073562;0.288159336433369
20180706;1570;173508.47;2.3;2.72;6.27;2.426;1.79241785825571;6.45176705972818;0.277818129771602;0.9813;33.88139795424;0.00805773879188408;0.294308909373566
20180706;1572.5;175540.37;2.39;2.8;6.5;2.513;1.83185023744662;6.6969523341134;0.273534907530313;0.9805;34.9307570540193;0.00813968425159618;0.29730196728955
20180706;1575;177573.06;2.49;2.9;6.82;2.613;1.88059021772935;6.95044818834487;0.270571072076027;0.9787;34.3854357873543;0.00826060197323229;0.301718487072309
20180706;1577.5;179628.47;2.59;3.05;7.14;2.728;1.94070548906437;7.21271104316085;0.269067411331356;0.9772;34.5304610059486;0.00842711782531026;0.307800478569457
20180706;1580;181700.12;2.7;3.1;7.45;2.82;1.97339918357024;7.48397751035956;0.263683206000899;0.9757;34.8395397707722;0.00847138330555194;0.309417275235284
20180706;1582.5;183772.68;2.83;3.2;7.77;2.941;2.03292432225165;7.76455249139531;0.261821183449341;0.975;36.3230271099341;0.00862849130434559;0.315155644891223
20180706;1585;185823.9;2.95;3.3;8.09;3.055;2.08085979309815;8.05404012366566;0.258362233257795;0.9725;35.4232802509765;0.00873445578645456;0.319025997600253
20180706;1587.5;187903.92;3.05;3.45;8.45;3.17;2.12407110592239;8.35292118059095;0.254290811561581;0.9705;35.4552167483935;0.00881714156159949;0.322046095537421
20180706;1590;189983.93;3.2;3.6;8.81;3.32;2.19751097798109;8.66168346967235;0.253704835286969;0.9686;35.74805802608;0.00902212393872075;0.329533076861775
20180706;1592.5;192063.95;3.35;3.7;9.16;3.455;2.25189318242767;8.98050315667538;0.25075356504427;0.9665;35.9136363454427;0.00914527001185585;0.334030987183035
20180706;1595;194143.97;3.55;3.9;9.62;3.655;2.3642169554717;9.30928707946641;0.253963266498299;0.9634;35.2672962985873;0.0094985655504414;0.346935106729872
20180706;1597.5;196236.13;3.7;4.05;10.08;3.805;2.41814119263453;9.64863562158136;0.250620013800273;0.9598;34.4989753075988;0.00961163538159324;0.351064982312693
20180706;1600;198343.25;3.9;4.2;10.53;3.99;2.49858920776134;9.99941898571548;0.249873438779859;0.9567;34.443667257244;0.00982589315267266;0.358890747401369
20180706;1602.5;200462.51;4.1;4.4;11.01;4.19;2.58770409501664;10.3623146569858;0.249722593906384;0.9543;35.0611795401173;0.0100687614562592;0.367761512189868
20180706;1605;202581.78;4.3;4.6;11.5;4.39;2.66870422498972;10.7372293925188;0.248546820360301;0.9508;34.9856864839487;0.01027530361068;0.375305464380087
20180706;1607.5;204740.29;4.5;4.85;11.98;4.605;2.7555087160186;11.1244731982533;0.247697905951291;0.947;34.8960619619131;0.0104976738994289;0.383427539176642
20180706;1610;206859.55;4.6;5.05;12.49;4.735;2.74705788595543;11.524453420958;0.238367737333185;0.9427;34.6935796517377;0.0103582607186627;0.378335472749154
20180706;1612.5;209018.06;4.95;5.3;13;5.055;2.91959718993697;11.9378106676902;0.244567221847376;0.9396;35.3543511599839;0.0108951628780347;0.397945824120219
20180706;1615;211211.55;5;5.55;13.6;5.165;2.87354339694975;12.3646508752463;0.232399881399199;0.9356;35.5816242709666;0.010611937887018;0.387601031323334
20180706;1617.5;213372.8;5.5;5.85;14.23;5.605;3.14549449158788;12.8046409518801;0.245652689787137;0.9299;35.0856705907578;0.0114985869962739;0.419985890038903
20180706;1620;215572.08;5.75;6.15;14.95;5.87;3.22932883230103;13.2582619623301;0.243571053391187;0.925;35.2089489026529;0.0116846137458747;0.426780517068074
20180706;1622.5;217808.47;6.1;6.45;15.66;6.205;3.37041571892355;13.726016612959;0.245549441907383;0.9197;35.2999287805287;0.0120698899393599;0.440852730035119
20180706;1625;220048.06;6.4;7.2;16.38;6.64;3.59827052514318;14.208208342365;0.253252939317768;0.9146;35.617441157574;0.0127547182629635;0.46586608455474
20180706;1627.5;222241.54;6.75;7.1;17.1;6.855;3.59207837781192;14.7048830767055;0.244277928567978;0.9077;35.3512635123302;0.0126070991709889;0.46047429722037
20180706;1630;224480.76;7.1;7.45;17.81;7.205;3.70277560231585;15.2158634238639;0.243349687044941;0.9008;35.3046814282676;0.0128659800056199;0.469929919705268
20180706;1632.5;226747.01;7.45;7.85;18.53;7.57;3.81138602733788;15.7419424622512;0.242116628013187;0.8943;35.5592618038044;0.0131110046448839;0.478879444654386
20180706;1635;229029.32;7.85;8.25;19.26;7.97;3.93913547100467;16.2836439929855;0.241907491511209;0.8886;36.1837031328126;0.013415425009268;0.489998398463514
20180706;1637.5;231360.34;8.3;8.65;20.09;8.405;4.0865886843913;16.8411161998225;0.242655453231442;0.8808;36.2282828490662;0.0137773793634;0.503218781248186
20180706;1640;233624.99;8.7;9.1;20.92;8.82;4.19325405774581;17.4132416569361;0.240808353801001;0.8719;36.1182353025308;0.0139999499413215;0.511348171606767
20180706;1642.5;235977.51;9.2;9.55;21.75;9.305;4.34623872638331;17.9998957876986;0.241459104966241;0.8632;36.2482549240986;0.0143660563524845;0.524720208274497
20180706;1645;238295.22;9.65;10.05;22.59;9.77;4.458120147622;18.6021386812252;0.23965632253465;0.8545;36.5077653084399;0.0145925449748642;0.532992705206915
20180706;1647.5;240725.12;10.15;10.55;23.54;10.27;4.58104706504056;19.2194130938443;0.238355200685488;0.8447;36.6320214743042;0.0148435556319658;0.542160869457549
20180706;1650;243083.19;10.7;11.1;24.58;10.82;4.73213734952158;19.8525255884172;0.238364500700228;0.8358;37.0758992111962;0.0151843783711528;0.554609420006357
20180706;1652.5;245555.43;11.3;11.7;25.61;11.42;4.90593221733297;20.4999716995327;0.239314097074817;0.8253;37.2871653272297;0.0155835573642974;0.569189432730962
20180706;1655;247949.64;11.85;12.3;26.64;11.985;5.02389061327699;21.1638069959217;0.23738123364313;0.8163;37.8938997644148;0.0158041555468927;0.577246781350257
20180706;1657.5;250461.13;12.5;12.9;27.68;12.62;5.18343594108233;21.8413894157377;0.237321712571428;0.8041;37.9610212297992;0.0161425448892777;0.589606452080868
20180706;1660;252894.59;13.15;13.6;28.81;13.285;5.34391039781546;22.5327161976656;0.237162282209416;0.793;38.3627517013746;0.0164821640126665;0.602011040562645
20180706;1662.5;255474.81;13.35;14.3;29.95;13.635;5.15915355165882;23.2373911196979;0.222019482526397;0.7796;38.4566535768656;0.0157516107763966;0.575327583607886
20180713;1340;105474.57;0.16;1.08;0.88;0.436;0.424990347308657;0.708259180421336;0.600049189698939;0.9997;36.6988423044752;0.00314286629374979;0.0675254066936536
20180713;1350;106313.54;0.21;1.13;0.96;0.486;0.471543666400757;0.868191682900264;0.543133130261658;0.9996;36.1408339981072;0.00345961633666408;0.0743308745274445
20180713;1360;107150.44;0.27;1.18;1.07;0.543;0.52439438605139;1.04067384790135;0.503898879662345;0.9995;37.2112278972199;0.00381732096592496;0.0820162636943583
20180713;1370;107985.55;0.33;1.25;1.19;0.606;0.581039930172007;1.23104247651068;0.471990155708461;0.9993;35.6572426114186;0.0041969610335287;0.0901729422056681
20180713;1380;108819.95;0.4;1.3;1.31;0.67;0.638039930172007;1.44371930115933;0.441941816293272;0.9993;45.6572426114186;0.0045733447362746;0.0982596567602529
20180713;1390;109687.5;0.47;1.38;1.44;0.743;0.702868090706352;1.67414525568697;0.419836981479805;0.9991;44.591010326276;0.00499817308946739;0.107387218878116
20180713;1400;110552.98;0.54;1.46;1.58;0.816;0.766611639688649;1.92232120362689;0.398794768658986;0.999;49.3883603113509;0.00540878300121034;0.116209293599534
20180713;1410;111416.5;0.69;1.54;1.72;0.945;0.885508307976798;2.18682450771513;0.404928838529438;0.9989;54.0833563847287;0.00619922973905932;0.133192274246554
20180713;1420;112277.81;0.79;1.64;1.89;1.045;0.972558600220823;2.46813793564278;0.39404548107946;0.9985;48.294266519451;0.0067564170353184;0.145163607185297
20180713;1430;113178.84;0.89;1.74;2.08;1.145;1.05601828569759;2.77466795749672;0.380592669780323;0.9982;49.4342857235587;0.00727781149589555;0.156365920522109
20180713;1440;114086.59;1;1.91;2.34;1.273;1.16512078133451;3.10825055361789;0.374847767654493;0.998;53.9396093327467;0.00796582849431222;0.171148168091032
20180713;1450;114991.54;1.12;2.02;2.7;1.39;1.26121273977033;3.46685159131687;0.363791961250717;0.9978;58.5396637407584;0.00855494184198993;0.183805441634519
20180713;1460;115893.36;1.27;2.16;3.06;1.537;1.38285655640551;3.85096491774572;0.359093522258054;0.997;51.381147864831;0.00930707431380275;0.19996522900685
20180713;1470;116844.35;1.43;2.33;3.41;1.7;1.51294366295975;4.26788705307278;0.354494775551866;0.996;46.7640842600634;0.0100997271764412;0.216995608893831
20180713;1480;117814.9;1.66;2.54;3.8;1.924;1.69045702149833;4.73074129853659;0.357334488364701;0.9944;41.7041033038693;0.0111917633233886;0.2404583266981
20180713;1490;118783.45;1.88;2.74;4.21;2.138;1.8423444593102;5.25491781587442;0.350594343025635;0.993;42.236505812829;0.0120978863491669;0.259926646413719
20180713;1500;119743.12;2.1;3.05;4.76;2.385;2.00859380017061;5.85268881752132;0.343191627437536;0.9912;42.773431798794;0.0130838679009957;0.281110750049334
20180713;1505;122444.11;2.22;3.15;5.06;2.499;2.07756900869474;6.18107072487213;0.33611798039048;0.9907;45.3151603554043;0.0132346409049966;0.284350152385294
20180713;1510;126513.71;2.37;3.3;5.36;2.649;2.17844326858756;6.52823093636016;0.333695803629483;0.9897;45.6851195546059;0.013430842787697;0.28856560754155
20180713;1515;130583.3;2.56;3.45;5.71;2.827;2.29946915272348;6.89530409066454;0.333483356569684;0.9877;42.8886867704484;0.0137351861924482;0.295104515105394
20180713;1520;134653.05;2.71;3.65;6.05;2.992;2.40012830350805;7.28460822012973;0.329479394221328;0.9865;43.8423478882924;0.0139031390431652;0.298713031500947
20180713;1525;138723.27;2.89;3.75;6.46;3.148;2.48398298863869;7.6972686165347;0.322709666556625;0.9848;43.6853296948233;0.0139667031431581;0.300078724884618
20180713;1530;142794.05;3.05;3.95;6.88;3.32;2.57403862661386;8.1346480902763;0.316429008120305;0.9826;42.871343298054;0.0140604607037815;0.302093133650364
20180713;1535;146865.96;3.25;4.15;7.34;3.52;2.68245957436718;8.59881501734352;0.311956888124323;0.981;44.0810750333061;0.0142464494019336;0.30608915553272
20180713;1540;151024.68;3.5;4.4;7.86;3.77;2.83181692529209;9.09012097104946;0.311526869038483;0.9788;44.2539186182976;0.0146255380360868;0.314233986334158
20180713;1545;155178.85;3.75;4.65;8.38;4.02;2.97070451394913;9.60935323525628;0.309147186207054;0.9764;44.4616731377487;0.014932122005546;0.320821033089746
20180713;1550;159334.55;4.1;4.95;8.96;4.355;3.18070172555666;10.1572840873168;0.313144901551817;0.9736;44.4809952440659;0.0155706803448103;0.334540646820116
20180713;1555;163505.31;4.35;5.2;9.55;4.605;3.29270378802629;10.7354684039932;0.306712633684574;0.9713;45.7246066889794;0.0157078015060215;0.337486735298491
20180713;1560;167664.93;4.6;5.6;10.22;4.9;3.43537227008168;11.3445675029919;0.302820911345952;0.968;45.7696165599476;0.0159818178474396;0.3433740569869
20180713;1565;171833.87;4.9;5.85;10.95;5.185;3.55192655447722;11.9855519444125;0.296350687139867;0.9647;46.2627038391721;0.0161231468073916;0.34641055125881
20180713;1570;176111.79;5.3;6.25;11.68;5.585;3.76389466249438;12.6591673031095;0.297325611738289;0.9596;45.0768647897429;0.0166703083123828;0.358166477123402
20180713;1575;180392.73;5.65;6.8;12.41;5.995;3.95991397519599;13.3675710134804;0.296232873661389;0.955;45.2241338845336;0.0171222692879745;0.367876991613687
20180713;1580;184676.92;6.05;7.15;13.14;6.38;4.1049327775626;14.1133510363645;0.290854579255191;0.9494;44.9618028149684;0.0173375620867991;0.372502620717845
20180713;1585;188943.01;6.55;7.65;13.87;6.88;4.33885746795725;14.8985553854694;0.291226723376748;0.9443;45.6219485106419;0.0179117969222924;0.384840225051017
20180713;1587.5;191088.43;6.8;8.05;14.25;7.175;4.49120570783976;15.3062806141278;0.293422407511224;0.9415;45.8768255070127;0.018332561799346;0.393880482188891
20180713;1590;193235.42;7.05;8.2;14.75;7.395;4.56102988287821;15.7240534681059;0.290067055045929;0.9384;46.0060083948343;0.0184107205016813;0.395559744896418
20180713;1592.5;195447.69;7.3;8.45;15.26;7.645;4.65292195060311;16.1520066490294;0.288070829322171;0.9351;46.1028975253757;0.0185690561063701;0.398961631932452
20180713;1595;197625.44;7.6;8.75;15.76;7.945;4.78442051756375;16.5900438608722;0.288391071035553;0.931;45.8054997454529;0.0188834393168194;0.405716247674604
20180713;1597.5;199851.34;7.9;9.05;16.29;8.245;4.90774103695448;17.0389039294518;0.288031498814395;0.9276;46.0947370586398;0.0191544275301056;0.411538509139475
20180713;1600;202078.41;8.2;9.55;16.87;8.605;5.08246351199485;17.4985856278517;0.290449960933147;0.9239;46.2882587122884;0.0196177391704338;0.421492896000056
20180713;1602.5;204306.65;8.5;9.7;17.45;8.86;5.14074965676368;17.9687706035454;0.286093565897568;0.9187;45.7472366941736;0.0196263055180811;0.421676946498773
20180713;1605;206536.09;8.85;10.05;18.08;9.21;5.28062975272842;18.4495895988438;0.286219361381314;0.9132;45.2692424800873;0.019942719004355;0.428475183314156
20180713;1607.5;208766.92;9.2;10.5;18.71;9.59;5.43642255174566;18.9414381897695;0.287012131670231;0.9072;44.7583776751546;0.0203116930132495;0.436402698417022
20180713;1610;210999.18;9.6;10.9;19.37;9.99;5.59822531500007;19.4448801319067;0.287902279521594;0.9026;45.0900891683771;0.0206949417798688;0.444636910888063
20180713;1612.5;213233.22;9.95;11.35;20.04;10.37;5.72868985729833;19.9606987011083;0.28699846348466;0.898;45.5030406147223;0.0209553562465206;0.450231992296567
20180713;1615;215537.11;10.35;11.65;20.7;10.74;5.83662660839686;20.4886932404146;0.284870613265073;0.8925;45.6127757358432;0.0211219717780829;0.453811775996752
20180713;1617.5;217870.58;10.7;12.1;21.37;11.12;5.94076708720455;21.0287243299053;0.282507250273669;0.8864;45.5918390210867;0.0212685821464263;0.456961742881307
20180713;1620;220205.5;11.1;12.55;22.04;11.535;6.06410367954433;21.5806128275926;0.280997751453604;0.881;45.9739186592914;0.0214799397383107;0.46150282290694
20180713;1622.5;222541.91;11.65;12.7;22.81;11.965;6.19112068452741;22.1455515379647;0.279564980529558;0.8764;46.714233943953;0.0216996166426871;0.466222645808322
20180713;1625;224920.32;12.15;13.15;23.61;12.45;6.36012219487763;22.7229465286752;0.279898656050239;0.8702;46.9173944924682;0.022056234456738;0.473884684430798
20180713;1627.5;227259.73;12.55;13.65;24.4;12.88;6.45705066244214;23.311874797593;0.27698547279041;0.8641;47.2623203646642;0.0221618652662523;0.476154193441097
20180713;1630;229600.99;13.1;14.2;25.32;13.43;6.65837982453611;23.9128414603852;0.278443690414901;0.8562;47.0905436402217;0.022619833926405;0.485993784801142
20180713;1632.5;231944.19;13.6;15.15;26.25;14.065;6.92654425399757;24.5253450869586;0.282423926327576;0.8498;47.52633652465;0.0232931228763182;0.50045959591619
20180713;1635;234328.71;14.1;15.7;27.19;14.58;7.05933044178253;25.1502362426568;0.280686446587303;0.844;48.2094202449838;0.0234980926775484;0.504863432380857
20180713;1637.5;236792.28;14.7;16.3;28.13;15.18;7.25956104563395;25.7868070643076;0.281522292679738;0.8365;48.4430517086609;0.023913185073409;0.513781814591919
20180713;1640;239257.53;15.3;16.9;29.06;15.78;7.44051246734008;26.4346557545766;0.281468105218352;0.8284;48.5984121949878;0.0242567066730366;0.521162477195684
20180713;1642.5;241763.35;15.85;17.5;30;16.345;7.56606558867631;27.0935283472644;0.279257300551637;0.8201;48.7989683786753;0.0244103631057707;0.524463830846043
20180713;1645;244232.3;16.5;18.15;30.93;16.995;7.7560382831945;27.7634921855862;0.279361048363402;0.8123;49.2219590666249;0.0247703103188715;0.532197402586341
20180713;1647.5;246703.08;17.2;18.85;31.87;17.695;7.97815557466276;28.4453543364398;0.280473060039979;0.8048;49.778916113408;0.0252244980007422;0.541955758515947
20180713;1650;249181.17;17.9;19.45;32.81;18.365;8.153534934503;29.13930841001;0.279812232321275;0.7984;50.6521084598065;0.0255226237556889;0.548361078045021
20180713;1652.5;251658.27;18.5;20.25;33.74;19.025;8.29753830151945;29.8435335699318;0.278034713351755;0.7889;50.8169668331622;0.0257177317287652;0.552553030231265
20180713;1655;254209.77;19.3;20.9;34.76;19.78;8.51096983313362;30.5566496239501;0.27853085786155;0.7786;50.8989619099656;0.0261144820273596;0.56107732708783
20180713;1657.5;256823.17;20.05;21.6;35.9;20.515;8.68409170769236;31.2806065350228;0.277619032034093;0.7713;51.7311250210216;0.0263745344004594;0.566664628809871
20180713;1660;259439.89;20.8;22.4;37.03;21.28;8.86646113730352;32.0149424396852;0.276947589520349;0.7624;52.2455339339077;0.0266568093560969;0.572729389253788
20180713;1662.5;262114.32;21.6;23.25;38.17;22.095;9.07654289938234;32.7589476137151;0.277070649717156;0.7546;53.0499474352798;0.0270099835122256;0.580317439872965
20180720;660;51804.27;-1;0.04;-1;0.012;0.012;0;∞;1;0;0.000180680086795934;0.00274972507092562
20180720;680;53375.68;-1;0.43;-1;0.129;0.129;0;∞;1;0;0.00188512820820269;0.0286892949185846
20180720;700;54947.23;-1;0.43;-1;0.129;0.129;0;∞;1;0;0.00183121150966118;0.0278687501626561
20180720;720;56519.05;-1;0.43;-1;0.129;0.129;0;∞;1;0;0.00178028470046825;0.0270937077852512
20180720;740;58092.9;-1;0.43;-1;0.129;0.129;0;∞;1;0;0.00173205331460471;0.0263596863816404
20180720;760;59665.22;-1;0.19;-1;0.057;0.057;0;∞;1;0;0.000745157731757295;0.0113403692301813
20180720;780;61238.74;0.01;0.43;0.01;0.136;0.136;0;∞;1;0;0.00173223681610693;0.0263624790451273
20180720;800;62810.98;0.01;5;0.01;1.507;1.507;0;∞;1;0;0.0187142439108576;0.284807399518364
20180720;820;64382.57;0.02;0.43;0.02;0.143;0.143;0;∞;1;0;0.00173245647074977;0.0263658219142231
20180720;840;65952.37;0.03;0.43;0.03;0.15;0.15;0;∞;1;0;0.00177400751481713;0.0269981768661232
20180720;860;67522.33;0.01;0.05;0.05;0.022;0.022;0;∞;1;0;0.000254138149557339;0.00386766496357575
20180720;880;69091.64;0.06;0.08;0.06;0.066;0.066;0;∞;1;0;0.000745097380811919;0.0113394507642314
20180720;885;69484.14;0.07;0.43;0.07;0.178;0.178;0;∞;1;0;0.00199815382330414;0.0304094034984099
20180720;890;69876.59;0.07;0.44;0.07;0.181;0.181;0;∞;1;0;0.00202041914180414;0.0307482538143318
20180720;895;70269.03;0.07;0.44;0.07;0.181;0.181;0;∞;1;0;0.00200913546124089;0.0305765303007598
20180720;900;70660.62;0.01;5;0.08;1.507;1.507;0;∞;1;0;0.0166352913404949;0.253168340088157
20180720;905;71053.04;0.08;0.45;0.08;0.191;0.191;0;∞;1;0;0.00209674350316327;0.031909815188766
20180720;910;71446.04;0.08;0.45;0.08;0.191;0.191;0;∞;1;0;0.00208521004103237;0.0317342903119613
20180720;915;71838.69;0.09;0.45;0.09;0.198;0.198;0;∞;1;0;0.00214981648468256;0.0327175196262627
20180720;920;72229.74;0.09;0.46;0.09;0.201;0.201;0;∞;1;0;0.00217057405993708;0.0330334239746675
20180720;925;72622.45;0.09;0.46;0.09;0.201;0.201;0;∞;1;0;0.00215883655811667;0.0328547938688381
20180720;930;73015.07;0.1;0.47;0.1;0.211;0.211;0;∞;1;0;0.00225405522448996;0.0343039029477065
20180720;935;73407.84;0.1;0.47;0.1;0.211;0.211;0;∞;1;0;0.00224199486049446;0.0341203592831501
20180720;940;73800.53;0.1;0.47;0.1;0.211;0.211;0;∞;1;0;0.00223006528543901;0.0339388060627749
20180720;945;74193.32;0.11;0.48;0.11;0.221;0.221;0;∞;1;0;0.00232338976069544;0.0353590879205837
20180720;950;74586.37;0.11;0.11;0.11;0.11;0.11;0;∞;1;0;0.00115034422509099;0.0175068011756035
20180720;955;74979.26;0.11;0.48;0.11;0.221;0.221;0;∞;1;0;0.00229903576002217;0.0349884504728374
20180720;960;75372.35;0.12;0.49;0.12;0.231;0.231;0;∞;1;0;0.00239053180642504;0.036380905929031
20180720;965;75765.7;0.13;0.49;0.13;0.238;0.238;0;∞;1;0;0.00245018524213463;0.0372887566537364
20180720;970;76158.35;0.13;0.49;0.13;0.238;0.238;0;∞;1;0;0.00243755280937678;0.0370965068177028
20180720;975;76551.28;0.14;0.49;0.14;0.245;0.245;0;∞;1;0;0.00249636583477115;0.0379915675479234
20180720;980;76944.47;0.14;0.5;0.14;0.248;0.248;0;∞;1;0;0.00251402082566817;0.0382602544406375
20180720;985;77337.73;0.15;0.5;0.15;0.255;0.255;0;∞;1;0;0.00257183654084494;0.0391401373559839
20180720;990;77731.06;0.16;0.49;0.16;0.259;0.259;0;∞;1;0;0.00259896108453944;0.0395529390053345
20180720;995;78124.46;0.16;0.5;0.16;0.262;0.262;0;∞;1;0;0.00261582608058987;0.0398096031639771
20180720;1000;78518.42;0.17;0.25;0.17;0.194;0.194;0;∞;1;0;0.00192719109732468;0.02932943951241
20180720;1020;80097.15;0.19;0.52;0.19;0.289;0.289;0;∞;1;0;0.00281433234515835;0.0428306203778786
20180720;1035;81283.2;0.21;0.54;0.21;0.309;0.309;0;∞;1;0;0.0029651883784103;0.0451264606339317
20180720;1040;81677.96;0.21;0.55;0.21;0.312;0.312;0;∞;1;0;0.00297950634418391;0.0453443621755489
20180720;1045;82073.04;0.22;0.57;0.22;0.325;0.325;0;∞;1;0;0.00308871220074217;0.0470063388050449
20180720;1050;82468.02;0.05;0.49;0.23;0.182;0.182;0;∞;1;0;0.00172139454785018;0.026197473275095
20180720;1055;82863.23;0.23;0.58;0.23;0.335;0.335;0;∞;1;0;0.00315338902429944;0.0479906392135571
20180720;1060;83261.96;0.24;0.57;0.24;0.339;0.339;0;∞;1;0;0.00317575997490331;0.0483310971180597
20180720;1065;83659.65;0.24;0.58;0.24;0.342;0.342;0;∞;1;0;0.0031886339471896;0.0485270228837917
20180720;1070;84055.92;0.25;0.39;0.25;0.292;0.292;0;∞;1;0;0.0027096247355332;0.0412371014438959
20180720;1075;84454.45;0.26;0.61;0.26;0.365;0.365;0;∞;1;0;0.00337104794359563;0.051303135891596
20180720;1080;84852.11;0.26;0.62;0.26;0.368;0.368;0;∞;1;0;0.00338282689729224;0.0514823968431663
20180720;1085;85249.41;0.27;0.63;0.27;0.378;0.378;0;∞;1;0;0.00345855766039906;0.0526349243941982
20180720;1090;85646.31;0.27;0.63;0.27;0.378;0.378;0;∞;1;0;0.00344253009849461;0.0523910049364649
20180720;1095;86043.38;0.28;0.62;0.28;0.382;0.382;0;∞;1;0;0.00346290440938048;0.0527010764802591
20180720;1100;86440.3;0.05;0.64;0.29;0.227;0.227;0;∞;1;0;0.00204835013298195;0.0311733285863191
20180720;1105;86836.43;0.29;0.64;0.29;0.395;0.395;0;∞;1;0;0.00354805005226493;0.0539968867329069
20180720;1110;87232.55;0.3;0.6;0.3;0.39;0.39;0;∞;1;0;0.00348723039736887;0.0530712876099575
20180720;1115;87629.38;0.3;0.66;0.3;0.408;0.408;0;∞;1;0;0.00363165869711734;0.0552693057967545
20180720;1120;88029.14;0.31;0.67;0.31;0.418;0.418;0;∞;1;0;0.00370377354589628;0.056366803651609
20180720;1125;88428.65;0.31;0.68;0.31;0.421;0.421;0;∞;1;0;0.00371350235472327;0.0565148639609448
20180720;1130;88828.04;0.32;0.67;0.32;0.425;0.425;0;∞;1;0;0.00373192969247098;0.0567953050072927
20180720;1135;89226.23;0.33;0.7;0.33;0.441;0.441;0;∞;1;0;0.00385514438971589;0.0586704786809888
20180720;1140;89625.16;0.33;0.7;0.33;0.441;0.441;0;∞;1;0;0.00383798478016664;0.0584093308731611
20180720;1145;90023.91;0.34;0.7;0.34;0.448;0.448;0;∞;1;0;0.00388163544551664;0.0590736394364564
20180720;1150;90422.49;0.34;0.66;0.34;0.436;0.436;0;∞;1;0;0.00376101122630001;0.0572378896002532
20180720;1155;90820.93;0.35;0.72;0.35;0.461;0.461;0;∞;1;0;0.00395921953232586;0.0602543722575842
20180720;1160;91219.88;0.36;0.74;0.36;0.474;0.474;0;∞;1;0;0.00405306387160343;0.0616825657959647
20180720;1165;91618.71;0.36;0.75;0.36;0.477;0.477;0;∞;1;0;0.00406096091071354;0.0618027488599217
20180720;1170;92016.89;0.37;0.76;0.37;0.487;0.487;0;∞;1;0;0.00412815516803491;0.0628253614635313
20180720;1175;92414.99;0.37;0.77;0.37;0.49;0.49;0;∞;1;0;0.00413569270526351;0.062940073358229
20180720;1180;92812.35;0.05;0.79;0.38;0.272;0.272;0;∞;1;0;0.00228590268428717;0.0347885814764953
20180720;1185;93211.07;0.01;0.81;0.39;0.25;0.25;0;∞;1;0;0.00209202619388448;0.0318380236381795
20180720;1190;93609.22;0.39;0.81;0.39;0.516;0.516;0;∞;1;0;0.00429957647334312;0.0654341794536906
20180720;1195;94012.13;0.4;0.83;0.4;0.529;0.529;0;∞;1;0;0.004389008099274;0.0667952170108261
20180720;1200;94415.03;0.05;0.48;0.41;0.179;0.179;0;∞;1;0;0.00147878997655352;0.0225053349556739
20180720;1205;94817.95;0.02;0.86;0.44;0.272;0.272;0;∞;1;0;0.00223755101222922;0.0340527294673635
20180720;1210;95220.9;0.47;0.87;0.47;0.59;0.59;0;∞;1;0;0.0048329725932017;0.0735518016527884
20180720;1215;95624.05;0.01;0.89;0.5;0.274;0.274;0;∞;1;0;0.00223500259610422;0.0340139457594611
20180720;1220;96027.36;0.53;0.9;0.53;0.641;0.641;0;∞;1;0;0.00520664110728442;0.0792385693514848
20180720;1225;96430.73;0.56;0.92;0.56;0.668;0.668;0;∞;1;0;0.00540325682487315;0.0822308148035382
20180720;1230;96834.17;0.01;0.5;0.59;0.157;0.157;0;∞;1;0;0.00126463623326353;0.0192461826749793
20180720;1235;97237.68;0.05;0.53;0.62;0.194;0.194;0;∞;1;0;0.0015561868608959;0.0236832187892595
20180720;1240;97641.25;0.05;0.55;0.65;0.2;0.2;0;∞;1;0;0.00159768540447813;0.0243147747494015
20180720;1250;98446.15;0.09;0.96;0.71;0.351;0.351;0;∞;1;0;0.00278101276687814;0.0423235380459266
20180720;1260;99259.09;0.22;0.93;0.79;0.433;0.432160460876155;0.0839539123844656;5.14759167979073;0.9999;8.39539123844656;0.00339601299471314;0.0516830727632906
20180720;1270;100084.05;0.16;0.8;0.86;0.352;0.350160460876155;0.183953912384466;1.90352277011818;0.9999;18.3953912384466;0.00272895790571426;0.0415313281275889
20180720;1280;100912.55;0.21;0.87;0.95;0.408;0.405160460876155;0.283953912384466;1.4268528912804;0.9999;28.3953912384466;0.00313167350823462;0.0476601562034456
20180720;1290;101738.93;0.25;1.04;1.04;0.487;0.483160460876155;0.383953912384466;1.25838139758907;0.9999;38.3953912384466;0.003704237497715;0.0563738644183501
20180720;1300;102571.53;0.31;1.1;1.13;0.547;0.540560875645832;0.49697886858476;1.08769388361557;0.9997;21.4637478472259;0.00411066777500296;0.0625592252008263
20180720;1310;103395.87;0.6;1.17;1.22;0.771;0.761560875645832;0.636976234430893;1.19558758157791;0.9997;31.4637478472259;0.00574507940214391;0.0874329271513776
20180720;1320;104238.72;0.71;1.22;1.31;0.863;0.850486896777159;0.790272318584521;1.0761947201953;0.9996;31.2827580571036;0.00636404379760404;0.0968527915447864
20180720;1330;105094.76;0.82;1.3;1.4;0.964;0.94606124492924;0.961702290232663;0.983736083960413;0.9994;29.8979251179337;0.00702154675499337;0.106859164677555
20180720;1340;105961.87;0.9;1.37;1.54;1.041;1.01700784976381;1.15907848816034;0.877427939654003;0.9993;34.2745003374178;0.00748633563012591;0.113932670370979
20180720;1350;106837.62;0.81;1.45;1.67;1.002;0.970856782869547;1.37593417538645;0.705598276601328;0.9992;38.9290214130665;0.00708803032712865;0.107870961540989
20180720;1360;107689.27;1.07;1.55;1.81;1.214;1.17480930244789;1.61108223558574;0.729205050182164;0.9991;43.5452195023412;0.00850921596840016;0.12949963051909
20180720;1370;108571.43;1.24;1.66;1.95;1.366;1.31682760627781;1.86500494551181;0.70607191120152;0.999;49.1723937221867;0.00946036662588578;0.143974954587699
20180720;1380;109467.31;1.11;1.81;2.2;1.32;1.25982058749555;2.13704861270823;0.589514239406569;0.9988;50.1495104203714;0.00897674436547799;0.136614828312118
20180720;1390;110393.22;1.32;1.92;2.47;1.5;1.42426052592243;2.43193377569109;0.585649387396533;0.9983;44.5526318103375;0.0100633282571112;0.153151276912911
20180720;1400;111288.66;1.75;2.06;2.73;1.843;1.74861409435818;2.75765243111225;0.634095172629463;0.9979;44.9456693532485;0.0122556870897662;0.186516237897379
20180720;1410;112221.05;1.51;2.18;3;1.711;1.59483395718431;3.11448785707638;0.512069409280474;0.9976;48.4025178398707;0.011085001313067;0.168699863733239
20180720;1420;113121.94;1.77;2.33;3.26;1.938;1.79069822714636;3.50821306665492;0.510430294033935;0.9965;42.0862208153247;0.0123472477326164;0.187909676430755
20180720;1430;114124.49;1.86;2.49;3.53;2.049;1.86294742683753;3.95180006171084;0.471417429461503;0.9958;44.2982317053489;0.0127325781953836;0.193773924410995
20180720;1440;115073.2;2.14;2.74;3.86;2.32;2.08820604967176;4.44551370228116;0.469733351311059;0.9951;47.3048878220889;0.0141544748798502;0.21541341457772
20180720;1450;116081.98;2.56;3.05;4.3;2.707;2.41727604391741;4.99224585593527;0.484206129600671;0.9937;45.9879295369197;0.0162426184861386;0.247192350085923
20180720;1460;117029.44;2.82;3.2;4.75;2.934;2.57712937006535;5.59763292396364;0.460396279118729;0.9929;50.2634690048797;0.0171765404384655;0.261405474797897
20180720;1470;118106.19;3.05;3.55;5.31;3.2;2.76301395127946;6.25923928821997;0.441429672848507;0.9909;48.0204449143445;0.0182475692594773;0.27770519466767
20180720;1480;119155.66;3.3;3.85;5.87;3.465;2.93141050506511;6.98327639798779;0.419775809806094;0.9894;50.3386315976311;0.0191891865980247;0.292035433538688
20180720;1490;120273.18;3.55;4.2;6.43;3.745;3.09950315685995;7.77191183548403;0.398808327020466;0.9878;52.9095773065617;0.0201010105690293;0.305912254597414
20180720;1500;121336.89;4;4.6;7.15;4.18;3.38944651400026;8.63002233918464;0.392750607215751;0.9831;46.7783127810495;0.0217886603235027;0.331596174298306
20180720;1510;129002.87;4.4;5.05;8;4.595;3.61339115542529;9.58002561164868;0.377179696788247;0.9787;46.0849222805029;0.0218479255634524;0.332498117168791
20180720;1520;136929.61;4.9;5.65;9.02;5.125;3.91462005815504;10.6366093921821;0.368032698562033;0.9754;49.2024366603642;0.0222990750164331;0.339364047906342
20180720;1530;145661.84;5.6;6.25;10.15;5.795;4.31854882660514;11.7988974169393;0.366012914088493;0.9713;51.4442917559186;0.0231252611167894;0.351937567621139
20180720;1540;153656.32;6.15;7;11.48;6.405;4.61154149673825;13.0678648522077;0.352891734716645;0.965;51.2416715217644;0.0234094007161946;0.356261817149587
20180720;1550;162466.14;7;7.8;12.81;7.24;5.05790919879712;14.4521307841508;0.349976711001256;0.958;51.9545428857829;0.0242830239892556;0.369557271336483
20180720;1560;170838.24;7.85;8.7;14.41;8.105;5.46824589642247;15.9606232831657;0.342608543501559;0.9503;53.0534024864695;0.0249664934455513;0.379958822124484
20180720;1570;179742.09;8.85;9.85;16;9.15;5.96883391045281;17.5952840848333;0.339229186734064;0.9402;53.1967573502875;0.0259020602806677;0.394196979896411
20180720;1580;188445.93;10.05;11.1;17.97;10.365;6.52447081216855;19.3640618817052;0.336937097806568;0.9278;53.1929250392168;0.0270055566256669;0.410990814896869
20180720;1590;197597.92;11.55;12.45;20.08;11.82;7.19611662135425;21.2784998575544;0.338187215711987;0.9149;54.3347048019477;0.028406022516109;0.432304155167035
20180720;1600;206551.91;13.2;14.05;22.57;13.455;7.91024134468923;23.3425174913476;0.338876959077843;0.9012;56.1210390213641;0.029871368649448;0.454604891633786
20180720;1605;210683.66;14.1;14.95;23.96;14.355;8.29035077259509;24.4304295291177;0.339345272776073;0.8912;55.7412612812951;0.0306928102664638;0.467106206242746
20180720;1610;216142.82;14.95;15.95;25.43;15.25;8.61262109769716;25.5546607197464;0.337027409291412;0.8805;55.5429196845426;0.031080581146317;0.473007594320512
20180720;1615;220080.44;16;16.9;27.11;16.27;9.01084004089772;26.7178350876502;0.337259362943775;0.8698;55.7539167365766;0.0319358468744438;0.486023669620442
20180720;1620;225420.04;17;18.4;28.78;17.42;9.48367853627883;27.9193883767289;0.339680741150604;0.8591;56.325915285459;0.0328154908423292;0.499410751256698
20180720;1625;229664.24;18.25;19.5;30.45;18.625;9.95849007628786;29.1606568782594;0.341504312398133;0.8485;57.2046859650966;0.0338216444123148;0.514723150899916
20180720;1630;235428.56;19.4;20.55;32.19;19.745;10.2904556344121;30.4405434623907;0.338050982799499;0.8369;57.9677766130469;0.0340933801525244;0.518858629196231
20180720;1635;239578.53;20.6;21.7;33.94;20.93;10.6353073557927;31.7608381018734;0.334856004796843;0.8272;59.5757676169406;0.034625555710348;0.526957675966858
20180720;1640;245162.46;21.9;23.55;35.69;22.395;11.2028990573079;33.1188014773451;0.338264023985626;0.8138;60.1079535053284;0.0356427377368465;0.542437914932633
20180720;1645;249549.71;23.3;25;37.8;23.81;11.6516553326848;34.5107792171565;0.337623652580189;0.7993;60.5796944061543;0.0364187606529143;0.554248013686539
20180720;1650;255604.51;24.8;26;39.9;25.16;11.967942045909;35.9373800312471;0.333022107774776;0.7864;61.7605709461187;0.0365212444639927;0.555807689186388
20180720;1655;259986.17;26.45;28.05;42.01;26.93;12.6439017134362;37.4003912244555;0.338068701943646;0.7753;63.5785415512407;0.0379337229225702;0.577303845727866
20180720;1660;266093.18;28.05;29.9;44.36;28.605;13.1587877747319;38.8960156623933;0.338306830420538;0.7591;64.1187722094983;0.03857240709548;0.587023820484337
20180727;1330;106562.52;-1;-1;-1;-1;-1.68566621559776;8.22780091582649;-0.204874453434492;0.9884;59.1091565170486;-0.0123384811861268;-0.145375169459122
20180727;1340;107545.41;-1;-1;-1;-1;-1.8128496549037;9.08042519993013;-0.199643696742048;0.9862;58.9021489060654;-0.0131481458002242;-0.154914846888125
20180727;1350;108525.18;2.31;4.4;3.95;2.937;1.97126927520713;9.99620240508742;0.197201816782329;0.9835;58.5291348359315;0.0141680486930458;0.166931605972096
20180727;1360;109529.05;2.6;4.95;4.55;3.305;2.1662860165713;10.9805333745388;0.197284224971658;0.9817;62.2248078376337;0.0154269857441986;0.181764727195759
20180727;1370;110546.23;2.91;5;5.15;3.537;2.20508270878755;12.0320730876344;0.183267064015242;0.9795;64.9715751810949;0.0155587803659545;0.183317565440803
20180727;1380;111577.66;2.94;5.4;5.76;3.678;2.1263740499066;13.1499034576878;0.161702635821517;0.9764;65.746862292093;0.0148647297221249;0.175140081645359
20180727;1390;112690.57;3.25;5.6;6.36;3.955;2.15829644629212;14.3369741643269;0.150540582800404;0.9743;69.9106441131471;0.0149388828906257;0.176013773412936
20180727;1400;113860.72;3.65;5.5;7.01;4.205;2.13356791937892;15.5916677955523;0.136840262847797;0.9701;69.2786649037152;0.0146159533956535;0.172208934766531
20180727;1410;115038.49;4;6.65;7.67;4.795;2.40628910076849;16.9183458338998;0.142229572819521;0.9664;71.092586286652;0.0163154566667158;0.192232920887676
20180727;1420;116230.39;5.3;7.15;8.37;5.855;3.10259208454381;18.3212390269447;0.169344009975575;0.9603;69.3301741928511;0.0208209042914179;0.245317267498077
20180727;1430;117447.14;4.95;7.65;9.29;5.76;2.58206726404013;19.8078524694508;0.130355739877526;0.9542;69.3871776410452;0.0171482461467457;0.202045061454802
20180727;1440;118842.4;6.2;8.5;10.2;6.89;3.21954948761864;21.3858914269457;0.150545489236052;0.9475;69.9133430929784;0.02113091455863;0.24896988846902
20180727;1450;120244.35;6.05;9.1;11.21;6.965;2.73372686901922;23.0612968105398;0.118541766817285;0.9402;70.7570757689094;0.0177331155920007;0.208936144192847
20180727;1460;121685.25;7.4;9.9;12.39;8.15;3.28545745042139;24.8374491581135;0.132278376475233;0.9326;72.1742218038369;0.021059716040594;0.248131009155708
20180727;1470;123106.37;8.45;10.85;13.69;9.17;3.58159399033166;26.7155177865896;0.134064180187049;0.9231;72.6710794495232;0.0226929224901904;0.267373869017485
20180727;1480;124793.57;9.25;11.9;14.98;10.045;3.63968548924705;28.7000984045873;0.12681787490545;0.9129;73.5397762428582;0.0227492064023227;0.268037020595108
20180727;1490;126488.16;10.3;12.9;16.39;11.08;3.74941485294774;30.7925733176369;0.121763608850456;0.902;74.8018892556353;0.0231210856834287;0.272418598253946
20180727;1500;128189.14;11.05;14.15;18.01;11.98;3.60760061634904;32.9947598622117;0.109338592898224;0.8901;76.1819780132026;0.0219513796625225;0.258636820056011
20180727;1510;135613.71;12.45;15.65;19.77;13.41;3.88086384124217;35.3097732514511;0.10990905587542;0.8782;78.235929053841;0.0223212962477679;0.262995272725718
20180727;1520;144734.07;13.7;17.15;21.54;14.735;3.93096566311713;37.7362435905819;0.104169500964802;0.8666;80.9897626452989;0.0211847370645444;0.249604039123382
20180727;1530;153862.11;15;18.5;23.54;16.05;3.85128182135963;40.2710726273919;0.0956339518689659;0.8533;83.1541798134995;0.0195239739053397;0.230036498997592
20180727;1540;162998.27;16.65;20;25.81;17.655;3.9236298043079;42.9081981670975;0.0914424275992223;0.8402;85.9284743159706;0.0187758511017335;0.221221923061554
20180727;1550;172253.9;18.4;21.85;28.09;19.435;4.03480334038604;45.6464780291574;0.0883924349608911;0.8258;88.4052621102983;0.0182703939098105;0.215266495985752
20180727;1560;181820.57;20.4;24.15;30.73;21.525;4.32318876922203;48.4838775097357;0.0891675540668941;0.8129;91.9391300415712;0.0185462362151498;0.21851654121237
20180727;1570;191395.59;22.5;26.65;33.74;23.745;4.59928804901078;51.4132106828366;0.0894573201697783;0.7986;95.06311792944;0.0187436120039569;0.220842073691782
20180727;1580;200976.68;24.4;28.85;36.81;25.735;4.49456114107258;54.4277846887784;0.0825784324453542;0.7838;98.2443980523933;0.0174436043526871;0.205525048058677
20180727;1590;210856.38;27.15;31.4;39.88;28.425;4.94513700692854;57.5258970767296;0.0859636660743001;0.7686;101.468725121311;0.018293052671227;0.215533467360183
20180727;1600;220842.89;30.05;34;42.95;31.235;5.35698326095601;60.6975207563206;0.088257035776839;0.7512;104.011321298408;0.0189204503869049;0.222925629155387
20180727;1605;225885.08;31.4;35.55;44.48;32.645;5.49823532247187;62.3058516410613;0.0882458898747864;0.7414;104.975888157495;0.0189858646331491;0.223696356685733
20180727;1610;230932;32.95;37.55;46.04;34.33;5.86754436864126;63.9287496521236;0.0917825610632188;0.7329;106.561046916356;0.0198183214432828;0.233504577650292
20180727;1615;235980.93;34.5;38.6;47.74;35.73;5.90693466325186;65.5666492532936;0.0900905373467005;0.7226;107.509247789287;0.019524497328392;0.23004266610307
20180727;1620;241068.6;36.05;40.05;49.71;37.25;6.01038497240917;67.2144096488809;0.0894210780665428;0.7113;108.207880247977;0.0194471626685481;0.229131489183458
20180727;1625;246332.04;37.6;41.95;51.73;38.905;6.19904488420349;68.874711737101;0.0900046581373092;0.7025;109.935983582509;0.0196290137883757;0.231274106006588
20180727;1630;251661.82;39.35;43.5;53.75;40.595;6.37672354244124;70.5487070768502;0.0903875323398193;0.6933;111.569209186693;0.0197640006064653;0.232864555532628
20180727;1635;256992.83;41;45.2;55.77;42.26;6.48125704923972;72.2347516182057;0.0897249163878375;0.683;112.866697005553;0.0196712900449673;0.231772215771752
20180727;1640;262309.74;42.85;46.9;57.97;44.065;6.67639205264546;73.931671272512;0.0903048982625631;0.6732;114.408225053104;0.0198528114170044;0.233910947421318
20180727;1645;267643.43;44.75;48.85;60.26;45.98;6.93777354525151;75.6415820269104;0.0917190434063543;0.6645;116.370272592395;0.020218928464996;0.238224632962574
20180727;1650;273018.7;46.55;50.75;62.54;47.81;7.06816176304204;77.3625182450455;0.0913641634654868;0.6561;118.470015228142;0.020193364685909;0.237923433920267
20180727;1655;278397.21;48.65;52.75;64.83;49.88;7.39680156005841;79.0957819687688;0.0935170166593594;0.646;120.009035141078;0.0207240051609912;0.244175576937163
20180727;1660;283983.24;50.6;54.75;67.11;51.845;7.566672781629;80.8343406567607;0.0936071565642955;0.636;121.643756094426;0.0207829334212492;0.244869884906815
20180727;1662.5;286803.77;51.55;55.95;68.26;52.87;7.6754205741637;81.7061943355302;0.0939392739630515;0.6304;122.279706238735;0.0208743003895928;0.245946394106412
20180803;1330;106812.96;-1;-1;-1;-1;-1.82827926619755;9.46971703786705;-0.193065881365484;0.9861;59.5884364170897;-0.013350981263267;-0.128327523852849
20180803;1340;107918.2;-1;-1;-1;-1;-1.9761956136147;10.3641643869606;-0.190675826803848;0.9839;60.6332679263791;-0.0142833421852799;-0.137289229820354
20180803;1350;109026.01;2.36;5.6;5.58;3.332;2.18529765455548;11.3247219854328;0.192967002401159;0.9819;63.3537207427912;0.015634179133523;0.150273261276823
20180803;1360;110136.19;3.1;5.95;6.2;3.955;2.61547664165172;12.3525887468078;0.211735102273814;0.9788;63.1850640730322;0.0185231737223554;0.17804182110764
20180803;1370;111304.26;2.96;5.95;6.83;3.857;2.29632112389059;13.4504736490945;0.170724182939475;0.9765;66.4118670684855;0.0160922005737665;0.154675691041269
20180803;1380;112539.55;3.3;6.85;7.45;4.365;2.55318166077356;14.6198007525086;0.174638608555281;0.9732;67.6051619114343;0.0176958384443814;0.170089605047639
20180803;1390;113769.11;3.65;7.4;8.08;4.775;2.67432400307436;15.8638190744236;0.168580087211536;0.9688;67.3293588758218;0.0183351414316065;0.176234484418271
20180803;1400;115009.54;4.2;7.9;8.8;5.31;2.87405348892112;17.1877920205066;0.167214816510003;0.9637;67.1059644925313;0.0194919632002569;0.187353672602469
20180803;1410;116255.75;4.6;8.55;9.61;5.785;2.96221804865015;18.5982373071543;0.15927412903322;0.9586;68.183138921494;0.0198745445102467;0.191030983746516
20180803;1420;117679.58;5;9.2;10.45;6.26;2.99606980378553;20.0997577191464;0.149059995928785;0.953;69.4453233237121;0.0198584533268449;0.190876317832371
20180803;1430;119100.44;5.6;9.85;11.52;6.875;3.11372043928082;21.6949479062942;0.143522835488232;0.9475;71.6434202041748;0.0203920484478398;0.196005149883513
20180803;1440;120519.36;6.3;10.65;12.62;7.605;3.29012189088813;23.3852330651956;0.14069228567086;0.941;73.1335272730825;0.0212936334452219;0.204671042522824
20180803;1450;121969.71;7.2;11.55;13.96;8.505;3.57049756678188;25.1701182823531;0.141854620098674;0.9339;74.6520791712272;0.0228334403852388;0.219471423702855
20180803;1460;123566.57;8.05;12.5;15.29;9.385;3.7443718655543;27.0496417410534;0.138425931899551;0.9253;75.5104167931151;0.0236359239811573;0.227184769318887
20180803;1470;125254.16;9.25;13.5;16.63;10.525;4.10186787997297;29.0305200299685;0.141295019026134;0.9184;78.7148544120959;0.0255437180400149;0.245522184581986
20180803;1480;126942.93;10.2;14.35;18.15;11.445;4.15844787451678;31.1109911934142;0.133664911177664;0.9092;80.2483714260267;0.0255515556646053;0.245597518592028
20180803;1490;128660.94;11.5;15.7;19.89;12.76;4.52275814534775;33.2904675093812;0.135857453611105;0.9007;82.9530901777668;0.0274189769899959;0.263546877515685
20180803;1500;130503.41;12.9;17.15;21.63;14.175;4.89358467705428;35.5669381982698;0.13758802204943;0.8905;84.7617837711938;0.0292482475982991;0.281129537770493
20180803;1510;138674.21;14.1;18.45;23.52;15.405;4.9695210449621;37.9373171860698;0.130992948726139;0.8791;86.3149624072614;0.0279520353140677;0.268670549959558
20180803;1520;147753.75;15.7;20.1;25.41;17.02;5.31499454124144;40.4025707839706;0.131550899809329;0.867;88.0075598402899;0.028058142295328;0.269690433509699
20180803;1530;156868.22;17.55;21.75;27.44;18.81;5.70270341355174;42.9589282374774;0.132747804647898;0.8529;89.1046674809535;0.0283557030389607;0.272550540394221
20180803;1540;166107.9;19.4;23.5;29.8;20.63;5.97880076637824;45.6068009400885;0.131094500011792;0.8385;90.7194998985867;0.0280749115350626;0.269851616794253
20180803;1550;175654.12;21.35;26.1;32.34;22.775;6.44415211662129;48.3485902926037;0.133285212197947;0.8257;93.6939063877149;0.0286155465693865;0.275048115380748
20180803;1560;185206.59;23.4;28;35.13;24.78;6.62009925761588;51.1776323511666;0.12935532484564;0.8088;94.9785603681178;0.0278806354619476;0.267984265854641
20180803;1570;194766.51;26.1;30.6;37.97;27.45;7.31076413260323;54.0938749923626;0.135149573470849;0.7954;98.4322378660644;0.0292781136933168;0.281416605960104
20180803;1580;204536.45;28.5;33.2;40.86;29.91;7.65381016165287;57.097538135491;0.13404798896041;0.7808;101.533712766182;0.0291878143288848;0.280548662726979
20180803;1590;214550.59;31.2;35.4;43.87;32.46;7.92846312079451;60.1772713000979;0.131751788499284;0.7646;104.212136275299;0.0288239768262568;0.277051514099744
20180803;1600;224293.15;33.85;38.25;46.95;35.17;8.19878072389984;63.3281429228042;0.129465042641373;0.7486;107.28408622156;0.0285120119122758;0.274052956604178
20180803;1605;229267.96;35.5;39.9;48.59;36.82;8.57332243486285;64.9315149963783;0.132036383801318;0.7407;108.934352353016;0.0291675797141172;0.280354170804771
20180803;1610;234311.07;36.75;41.3;50.52;38.115;8.54931488050936;66.5499624299815;0.128464608669077;0.7323;110.443351212143;0.0284598828676652;0.273551900458282
20180803;1615;239405.71;38.35;43.15;52.46;39.79;8.86659354090953;68.1850804297743;0.130037150136407;0.7244;112.203942159254;0.0288879616192506;0.277666525827139
20180803;1620;244861.33;40;44.8;54.4;41.44;9.11382124388772;69.8334617209146;0.130507940166429;0.7154;113.584605608265;0.0290318629333281;0.279049682536792
20180803;1625;250361.41;41.7;46.5;56.34;43.14;9.3673982226369;71.4953680355278;0.131021050454374;0.7068;115.186227071498;0.0291840927627656;0.280512891621056
20180803;1630;255687.58;43.7;47.9;58.28;44.96;9.69648999342969;73.1698630211093;0.132520269863458;0.6972;116.458091170972;0.0295800922159581;0.284319175838913
20180803;1635;261355.33;45.4;50;60.22;46.78;9.98047452829269;74.8561607133379;0.133328699110191;0.6889;118.288413602402;0.0297861540917046;0.286299810052502
20180803;1640;266685.28;47.3;51.75;62.39;48.635;10.2612610376525;76.5569492910078;0.134034351325148;0.6812;120.369319204352;0.0300120936909939;0.288471505806198
20180803;1645;272018.01;48.75;53.65;64.56;50.22;10.227339543193;78.2682219112518;0.130670395895664;0.6713;121.66918301432;0.0293264583609391;0.281881287271921
20180803;1650;277416.33;50.6;55.55;66.73;52.085;10.4257499131701;79.9880097632967;0.130341409218986;0.6624;123.398252626866;0.0293136490280607;0.28175816598682
20180803;1655;282916.54;52.8;57.35;69.03;54.165;10.7962678696171;81.7181674860791;0.132115883184192;0.6536;125.198418390251;0.0297652761422196;0.286099134498571
20180803;1660;288551.55;55.05;59.95;71.33;56.52;11.3963443953449;83.4566613731783;0.136554041436978;0.6443;126.858745022927;0.0308061025087857;0.296103393192999
20180817;880;69112.85;0.32;0.53;0.32;0.383;0.371932260573355;1.10677394266445;0.336050792520435;0.9999;110.677394266445;0.00419758645819435;0.0294840087279901
20180817;900;70703.81;0.01;0.56;0.35;0.175;0.161089751727807;1.30947864709616;0.123018234841043;0.9998;69.5512413609661;0.00177713204348803;0.0124826438246924
20180817;920;72305.29;0.39;0.6;0.39;0.453;0.435089751727807;1.53332338752486;0.283756026463631;0.9998;89.5512413609661;0.00469357091780822;0.0329678226486433
20180817;940;73911.46;0.42;1.06;0.42;0.612;0.590089751727807;1.77409438662672;0.332614632105233;0.9998;109.551241360966;0.00622731584990594;0.0437409060418874
20180817;960;75535.08;0.09;0.68;0.45;0.267;0.239755348582684;2.03013850123039;0.118098025547211;0.9997;90.8155047243872;0.00247579233244333;0.017390060565864
20180817;980;77162.23;0.49;1.17;0.49;0.694;0.660755348582684;2.30889722799893;0.286177895044444;0.9997;110.815504724387;0.00667929337830819;0.0469156135851359
20180817;1000;78799.57;0.35;0.8;0.53;0.485;0.445755348582684;2.60393979960056;0.171184966968538;0.9997;130.815504724387;0.00441232321311516;0.0309923279536599
20180817;1010;79628.48;0.55;1.26;0.55;0.763;0.720755348582684;2.75594494019474;0.261527484845816;0.9997;140.815504724387;0.00706015199454383;0.0495907791539833
20180817;1020;80454.42;0.57;0.87;0.57;0.66;0.614755348582684;2.91031794579665;0.211233054268373;0.9997;150.815504724387;0.00596001030017361;0.0418633415795848
20180817;1030;81280.03;0.1;0.91;0.6;0.343;0.294755348582684;3.06670125324704;0.0961147905328553;0.9997;160.815504724387;0.00282860589365547;0.0198682365895704
20180817;1040;82104.02;0.37;0.96;0.68;0.547;0.495755348582684;3.22480241356083;0.153732007424067;0.9997;170.815504724387;0.00470974712193743;0.0330814449286086
20180817;1050;82933.77;0.45;1;0.77;0.615;0.560001306920426;3.3852085031497;0.165425942419613;0.9996;137.496732698934;0.0052668655892278;0.0369946664704895
20180817;1060;83797.26;0.67;1.04;0.86;0.781;0.722001306920426;3.54954482223107;0.203406730462587;0.9996;147.496732698934;0.00672051830093171;0.0472051790272174
20180817;1070;84631.16;0.69;1.09;0.94;0.81;0.745982615805547;3.71831562720417;0.200623801365259;0.9994;106.695640324088;0.00687532157574499;0.0482925231834781
20180817;1080;85475.76;0.82;1.15;1.05;0.919;0.848982615805547;3.89429692583061;0.218006647149657;0.9994;116.695640324088;0.00774730099303389;0.0544173401481852
20180817;1090;86318.57;0.79;1.26;1.15;0.931;0.85429437770247;4.07796494024117;0.209490368412031;0.9993;109.579460425043;0.00771965539521712;0.0542231564058279
20180817;1100;87157.67;0.98;1.26;1.25;1.064;0.979272081201465;4.27042905640642;0.229314682029989;0.999;84.7279187985353;0.00876379810677755;0.0615572549711635
20180817;1110;87996.59;1.04;1.33;1.35;1.127;1.03227208120146;4.47543377089932;0.230652967744406;0.999;94.7279187985353;0.00915003892011205;0.0642702252994409
20180817;1120;88856.1;1.11;1.41;1.45;1.2;1.09496284188014;4.69288419234162;0.233324070444147;0.9989;95.4883255635088;0.00961184450664062;0.0675139655009709
20180817;1130;89729.28;1.18;1.5;1.56;1.276;1.15875266504212;4.92348641076037;0.235352059164751;0.9987;90.1902576599047;0.0100728221460471;0.0707518901700709
20180817;1140;90600.5;1.26;1.58;1.69;1.356;1.22540387530231;5.16854143631532;0.237088913845664;0.9986;93.2829462126382;0.0105497764663087;0.0741020356599855
20180817;1150;91470.25;1.38;1.58;1.81;1.44;1.29494959575076;5.42798931800903;0.238568928544935;0.9984;90.656502655772;0.0110425049093623;0.077562979195088
20180817;1160;92339.11;1.49;1.68;1.94;1.547;1.38502890235602;5.70330293142544;0.24284680631717;0.9983;95.2771162611635;0.0116995121984357;0.0821778236630508
20180817;1170;93206.75;1.6;1.79;2.11;1.657;1.47588640950377;5.99531916394286;0.246173117584811;0.9978;82.3243593164662;0.0123509445336625;0.0867535094407734
20180817;1180;94073.43;1.73;1.91;2.28;1.784;1.57793670655343;6.30846155101929;0.250130193200349;0.9971;71.0563080850257;0.0130832970702957;0.0918975818254908
20180817;1190;94951.43;1.83;2.12;2.44;1.917;1.68170437204565;6.64800953561224;0.252963592040151;0.997;78.4318759847841;0.0138147409701529;0.0970352719105451
20180817;1200;95876.43;1.98;2.24;2.61;2.058;1.79168585886516;7.0137215369024;0.255454376031082;0.9968;83.223169104636;0.0145762099184839;0.102383859090889
20180817;1210;96795.29;2.12;2.36;2.81;2.192;1.8920215149029;7.40481721833367;0.255512250892355;0.9963;81.0752662424583;0.0152463697523326;0.107091087539221
20180817;1220;97713.73;2.27;2.52;3.01;2.345;2.00767344879274;7.8216962284277;0.25668005892327;0.9962;88.7701450545415;0.0160262563926107;0.112569041296174
20180817;1230;98633.8;2.42;2.69;3.24;2.501;2.12103985898337;8.26471834700064;0.256637887696817;0.9953;80.842583195027;0.0167732672776171;0.117816074483647
20180817;1240;99554.61;2.58;2.89;3.47;2.673;2.24206655489032;8.73881169753004;0.256564236934413;0.9947;81.3081971905053;0.0175663579297277;0.123386773727559
20180817;1250;100481.49;2.79;3.05;3.75;2.868;2.37687982260162;9.24751092890492;0.257029144477376;0.9936;76.7375277184975;0.0184508237450426;0.129599295632246
20180817;1260;101420.96;3;3.3;4.02;3.09;2.52965318192751;9.79519427080266;0.258254518694729;0.9926;75.722542982769;0.0194548491939285;0.136651609001584
20180817;1270;102426.15;3.2;3.5;4.37;3.29;2.6511128344656;10.3842674132828;0.255300901734723;0.9917;76.9743572933012;0.0201888678905062;0.141807384557834
20180817;1280;103432.56;3.45;3.8;4.71;3.555;2.82429737460909;11.0170056929382;0.256357984494773;0.9898;71.6375122932264;0.0212984378632327;0.149601046722034
20180817;1290;104440.45;3.75;4.05;5.11;3.84;3.00329301745299;11.6991532347344;0.256710289812797;0.9891;76.7621084905512;0.0224297056706796;0.157547115311841
20180817;1300;105450.1;4;4.35;5.51;4.105;3.15141556090133;12.4315128325307;0.253502176553663;0.9878;78.1626589425142;0.0233105908624367;0.163734486778942
20180817;1310;106463.14;4.35;4.7;5.97;4.455;3.37030734691079;13.2146071200314;0.255044082377743;0.9858;76.3868065555779;0.0246924872833022;0.173440980388964
20180817;1320;107482.24;4.7;5.05;6.5;4.805;3.56870167626068;14.0519293238967;0.253965245198875;0.9839;76.7887157602064;0.0258981140277996;0.181909349012573
20180817;1330;108614.62;5.1;5.4;7.02;5.19;3.78163505217387;14.9470900102614;0.253001423660239;0.9817;76.9598332145427;0.0271572587621779;0.19075363005549
20180817;1340;109763.13;5.5;5.85;7.61;5.605;4.0027049365982;15.9030249864229;0.251694563771074;0.9792;77.0334165097022;0.0284440672432227;0.199792222318982
20180817;1350;110915.04;5.9;6.25;8.22;6.005;4.18411382970189;16.9220015577748;0.247258801827701;0.9769;78.8262411384463;0.0294244025622447;0.206678135304998
20180817;1360;112070.58;6.35;6.8;8.83;6.485;4.41754597669314;18.0062232548847;0.245334399899477;0.9735;78.017132954976;0.0307456770708302;0.215958818271553
20180817;1370;113241.72;6.9;7.3;9.56;7.02;4.67612114162873;19.1593174775028;0.244065121167261;0.9708;80.2698239168244;0.0322087521319034;0.226235513772648
20180817;1380;114460.46;7.45;7.85;10.41;7.57;4.9158421204564;20.3823865677339;0.241180889397828;0.9667;79.7044408271352;0.0334994010504238;0.235301081416679
20180817;1390;115816.12;8.1;8.5;11.27;8.22;5.21267816373275;21.67950836436;0.240442637172627;0.9631;81.4992367552101;0.0351064166863088;0.246588821051429
20180817;1400;117148.19;8.75;9.15;12.22;8.87;5.46580104335891;23.0539619890025;0.23708727575617;0.9578;80.6682217213528;0.0363925794655466;0.255622877880594
20180817;1405;117854.61;9.05;9.55;12.69;9.2;5.57798977579464;23.7713781747656;0.234651509676285;0.9553;81.0293115034757;0.0369169438948533;0.259306033799907
20180817;1410;118521.79;9.45;9.9;13.16;9.585;5.73308770189436;24.5096080717036;0.233911847350722;0.9525;81.0928904864346;0.0377298419765479;0.265015861191041
20180817;1415;119228.39;9.8;10.4;13.64;9.98;5.88452815210424;25.2688707759825;0.232876577836527;0.9503;82.4038601186271;0.0384969717249499;0.270404210048807
20180817;1420;119927;10.2;10.7;14.23;10.35;5.99696593819224;26.0494575715708;0.230214618546878;0.9472;82.4438269281773;0.0390040060352543;0.273965638545705
20180817;1425;120621.81;10.65;11.15;14.82;10.8;6.17708370002463;26.8519218633053;0.230042517309197;0.9447;83.5970397825564;0.0399440638970615;0.28056864112311
20180817;1430;121350.17;11.1;11.65;15.41;11.265;6.35842918837119;27.6760040336431;0.229745203846691;0.9418;84.3053404059934;0.0408699449446962;0.287072065212506
20180817;1435;122170.27;11.55;12.1;16.1;11.715;6.50956599925037;28.5217757915658;0.228231441366821;0.9389;85.1953191612051;0.041560532520844;0.291922778908428
20180817;1440;123011.94;12.05;12.55;16.78;12.2;6.68134990139412;29.3895213873995;0.227337826068127;0.9358;85.9602819097488;0.0423654234140801;0.297576363499861
20180817;1445;123835.35;12.5;13.05;17.47;12.665;6.81606574255667;30.279032506871;0.225108439016667;0.9327;86.9083842116394;0.0429322586740717;0.301557836167398
20180817;1450;124644.11;13.05;13.6;18.19;13.215;7.02022940532219;31.1907624296154;0.22507399173598;0.9288;87.0052049814299;0.043931309198255;0.308575205474282
20180817;1455;125468.27;13.6;14.15;18.91;13.765;7.20489033009479;32.1242838227612;0.224281741807731;0.9252;87.7020009345616;0.0447907224469895;0.314611757187748
20180817;1460;126315.9;14.15;14.7;19.66;14.315;7.372379623877;33.0803397074012;0.222862875323724;0.9214;88.3285035130153;0.0455244043435867;0.319765167047981
20180817;1465;127146.44;14.75;15.3;20.41;14.915;7.56747979207602;34.0582086171094;0.222192537404168;0.917;88.5243398545058;0.0464239048912364;0.326083293490848
20180817;1470;127999.21;15.35;16;21.22;15.545;7.7748409793971;35.0593030571426;0.221762565180632;0.914;90.3506862860802;0.0473782296307121;0.332786507165723
20180817;1475;128847.56;16.05;16.8;22.03;16.275;8.06312072671396;36.0831617084162;0.223459373983663;0.9094;90.6388440760048;0.0488114339676816;0.34285338955184
20180817;1480;129807.21;16.65;17.3;22.87;16.845;8.16796811100754;37.1291232014948;0.219988176577213;0.9047;91.0496525602566;0.0490805951887101;0.344743988320699
20180817;1485;130812.88;17.3;18;23.71;17.51;8.34247311001027;38.1972227454086;0.218405227144768;0.8994;91.1284979124228;0.0497437945392534;0.349402326066583
20180817;1490;131820.34;18;18.7;24.6;18.21;8.5291161503235;39.2884795357293;0.217089494200636;0.8952;92.3748458938598;0.0504680127304506;0.354489262496098
20180817;1495;132829.78;18.8;19.45;25.52;18.995;8.77787986584403;40.4028797976716;0.217258767439392;0.8903;93.1369200925795;0.051545265642677;0.36205592838438
20180817;1500;133841.19;19.5;20.2;26.57;19.71;8.93565882137585;41.5408841306452;0.215105167075246;0.8862;94.6778662445004;0.0520752533706041;0.365778582569484
20180817;1505;137681.92;20.35;21.05;27.61;20.56;9.20390846566276;42.7013722915912;0.21554128056618;0.8798;94.4766350610419;0.0521422754942475;0.366249348543729
20180817;1510;142244.34;21.1;21.85;28.66;21.325;9.35849620782309;43.8836614085505;0.213256959593614;0.8755;96.1164963227061;0.0513175219632782;0.360456248020911
20180817;1515;146794.76;21.95;22.75;29.77;22.19;9.58554089329182;45.0881406228352;0.21259561296784;0.8695;96.5858935379937;0.0509331661209679;0.357756517801607
20180817;1520;151389.07;22.85;23.65;30.89;23.09;9.81810317172614;46.3145305096043;0.211987535309035;0.8631;96.9459227777492;0.0505856894024541;0.355315827966276
20180817;1525;156066.86;23.75;24.6;32;24.005;10.0306894844102;47.5616595840682;0.210898643405837;0.8563;97.2464197327055;0.0501319613775787;0.352128824868473
20180817;1530;160829.66;24.7;25.55;33.24;24.955;10.2498629648939;48.8317398595422;0.209901654013889;0.8506;98.4279587356502;0.0497103153275161;0.349167166795678
20180817;1535;165610.15;25.7;26.55;34.53;25.955;10.4905647259313;50.1245278634531;0.209290045674031;0.8453;99.9640289209351;0.0494090518378641;0.347051080457305
20180817;1540;170376.91;26.7;27.6;35.81;26.97;10.7182325809647;51.4399441793414;0.208364001010507;0.8395;101.257117875609;0.0490689813141492;0.344662412019096
20180817;1545;175127.51;27.75;28.65;37.1;28.02;10.9515680197894;52.7773115481175;0.20750522712406;0.8332;102.328728898145;0.0487771627395132;0.342612667127061
20180817;1550;179898.18;28.85;29.75;38.38;29.12;11.2064225701061;54.1367044799666;0.207002304217707;0.8281;104.209292785886;0.0485886494498321;0.34128854252983
20180817;1555;184671.36;29.95;30.9;39.67;30.235;11.4487485392397;55.5179779241197;0.206216958313711;0.8224;105.778442909686;0.0483563009478405;0.339656517715361
20180817;1560;189483.66;31.05;32.05;41.1;31.35;11.6611634583997;56.9200077149182;0.204869323222938;0.8166;107.354615821158;0.0480025955670888;0.337172077516907
20180817;1565;194283.69;32.25;33.3;42.55;32.565;11.9400047418879;58.3412180013031;0.204658132807944;0.8085;107.702325107635;0.0479361067245148;0.336705057329404
20180817;1570;199309.56;33.5;34.5;43.99;33.8;12.2032366257421;59.7809825559749;0.204132419776068;0.8021;109.129678495492;0.0477574912516932;0.33545045537848
20180817;1575;204334.7;34.8;35.8;45.57;35.1;12.4952727478139;61.2389179240305;0.204041370608716;0.7945;109.99867276003;0.0476977857568725;0.335031081686494
20180817;1580;209370.48;36.15;37.15;47.15;36.45;12.8033796382459;62.7157437924842;0.204149370859893;0.7885;111.804351592218;0.0476983962487539;0.33503536980495
20180817;1585;214399.76;37.45;38.45;48.81;37.75;13.0306937703294;64.2122006926494;0.202931742406721;0.7818;113.287379604356;0.0474064949552973;0.332985043892737
20180817;1590;219446.71;38.95;39.95;50.48;39.25;13.4219721048458;65.7258795586381;0.204211372977843;0.7751;114.842276101175;0.0477069728763751;0.335095612367231
20180817;1595;224480.78;40.35;41.5;52.15;40.695;13.7221141290665;67.2565064307677;0.204026567201967;0.7678;116.16229918576;0.0476800241903646;0.334906323760205
20180817;1600;229518.59;41.85;42.9;53.96;42.165;14.0121621611601;68.8041341855725;0.203652910206932;0.7603;117.45030387501;0.0476191775389735;0.334478934540578
20180817;1605;234637.1;43.4;44.45;55.77;43.715;14.3354372024688;70.3638827993001;0.203732890115772;0.7503;117.65944252115;0.0476550426932727;0.334730852763805
20180817;1610;239806.86;45;46;57.65;45.3;14.6535905430163;71.938522428513;0.203696017770978;0.7431;119.293146971521;0.0476625256823458;0.334783413566862
20180817;1615;245147.97;46.6;47.65;59.52;46.915;14.968653791324;73.5305490387985;0.203570542951146;0.7364;121.192512172519;0.0476265414607869;0.334530659010624
20180817;1620;250440.75;48.25;49.35;61.5;48.58;15.298391132889;75.1383736011264;0.203602904876552;0.7289;122.765064061641;0.0476469787111459;0.334674211043193
20180817;1625;255785.56;50.05;51.1;63.47;50.365;15.7078712915817;76.7594309525254;0.204637672487396;0.7207;124.085673857566;0.0479000441128645;0.33645175215815
20180817;1630;261083.15;51.75;52.85;65.47;52.08;16.0037975526141;78.3919004434702;0.204151161817473;0.7126;125.526104549011;0.0478122088347678;0.335834793786518
20180817;1635;266434.76;53.6;54.65;67.58;53.915;16.3847798165694;80.0393445914377;0.204709070272949;0.7059;127.610405247979;0.0479671956351496;0.33692342703343
20180817;1640;271743.57;55.45;56.55;69.75;55.78;16.7612742301862;81.7012461183704;0.205153226254373;0.6986;129.458280589959;0.0481107755357202;0.337931937777342
20180817;1645;277169.96;57.4;58.45;71.95;57.715;17.1701055967734;83.3755398832464;0.20593696449603;0.6909;131.170800398662;0.048319386290936;0.339397227745469
20180817;1650;282567.31;59.4;60.3;74.15;59.67;17.5609901465717;85.0615318378928;0.206450433787612;0.6829;132.79410234446;0.0484754316213221;0.340493296147845
20180817;1655;288240.16;61.4;62.4;76.36;61.7;17.9879644114707;86.7582537691127;0.20733432993409;0.6757;134.788885564383;0.0486768125612585;0.341907803615378
20180817;1660;293835.59;63.45;64.4;78.71;63.735;18.3831148124496;88.4661436998698;0.207798306149934;0.6675;136.396647180603;0.0487988182565314;0.342764776311502
20180921;480;37701.59;0.01;0.11;0.01;0.04;0.04;0;∞;1;0;0.000827551304865392;0.00347428866784005
20180921;490;38488.62;0.01;0.37;0.01;0.118;0.118;0;∞;1;0;0.00239135619827367;0.0100395730048214
20180921;500;39274.91;0.01;0.38;0.01;0.121;0.121;0;∞;1;0;0.00240306088543551;0.010088712510406
20180921;520;40848.85;0.02;0.45;0.02;0.149;0.149;0;∞;1;0;0.00284512293491738;0.0119446109422825
20180921;540;42422.76;0.03;0.3;0.03;0.111;0.111;0;∞;1;0;0.00204088560008825;0.00856820075209465
20180921;560;43998.82;0.04;0.46;0.04;0.166;0.166;0;∞;1;0;0.00294280619343882;0.0123547122086613
20180921;580;45579.3;0.07;0.15;0.07;0.094;0.094;0;∞;1;0;0.00160862496791307;0.00675345137391089
20180921;600;47158.67;0.1;0.12;0.1;0.106;0.106;0;∞;1;0;0.0017532301059381;0.00736054363441255
20180921;620;48738.15;0.1;0.14;0.1;0.112;0.112;0;∞;1;0;0.00179243569975471;0.00752513953259089
20180921;640;50317.19;0.13;0.39;0.13;0.208;0.208;0;∞;1;0;0.00322434539766628;0.0135366914539955
20180921;650;51111.89;0.14;0.53;0.14;0.257;0.257;0;∞;1;0;0.00392198371063954;0.0164655695438057
20180921;660;51906.28;0.16;0.55;0.16;0.277;0.277;0;∞;1;0;0.00416250210957133;0.0174753321324245
20180921;670;52699.44;0.05;0.46;0.17;0.173;0.173;0;∞;1;0;0.00256055851826888;0.0107499310206633
20180921;680;53493.83;0.19;0.46;0.19;0.271;0.271;0;∞;1;0;0.00395148375055591;0.0165894188493166
20180921;690;54287.99;0.2;0.45;0.2;0.275;0.275;0;∞;1;0;0.00395115015310016;0.0165880183151705
20180921;700;55082.05;0.04;0.33;0.22;0.127;0.127;0;∞;1;0;0.00179840801132129;0.00755021294408163
20180921;710;55875.99;0.23;0.51;0.23;0.314;0.314;0;∞;1;0;0.00438327804124813;0.018402210397309
20180921;720;56669.87;0.25;0.61;0.25;0.358;0.358;0;∞;1;0;0.00492748615798836;0.0206869461977615
20180921;730;57463.64;0.27;0.64;0.27;0.381;0.381;0;∞;1;0;0.00517161808754197;0.0217118793847667
20180921;740;58263.11;0.28;0.57;0.28;0.367;0.367;0;∞;1;0;0.0049132289711277;0.0206270905943034
20180921;750;59064.5;0.05;0.84;0.3;0.287;0.287;0;∞;1;0;0.00379009388041886;0.0159118596531378
20180921;760;59864.98;0.31;0.6;0.31;0.397;0.397;0;∞;1;0;0.0051726401645837;0.0217161703461402
20180921;770;60665.97;0.33;0.65;0.33;0.426;0.426;0;∞;1;0;0.00547720575472543;0.022994820711649
20180921;780;61466.86;0.05;0.62;0.34;0.221;0.221;0;∞;1;0;0.00280443803376323;0.0117738045038163
20180921;790;62267.3;0.36;0.66;0.36;0.45;0.45;0;∞;1;0;0.00563698763235278;0.0236656291116879
20180921;800;63067.18;0.15;0.61;0.37;0.288;0.288;0;∞;1;0;0.00356191603937262;0.0149539061308144
20180921;810;63867.12;0.39;0.7;0.39;0.483;0.483;0;∞;1;0;0.00589880990406331;0.0247648312351623
20180921;820;64667.25;0.4;0.55;0.4;0.445;0.445;0;∞;1;0;0.00536747735523004;0.0225341506206641
20180921;830;65466.96;0.17;0.71;0.43;0.332;0.332;0;∞;1;0;0.00395558309107373;0.016606629011663
20180921;840;66278.68;0.21;0.79;0.47;0.384;0.384;0;∞;1;0;0.00451910025969135;0.0189724295385318
20180921;850;67088.77;0.04;0.84;0.5;0.28;0.28;0;∞;1;0;0.0032553883459184;0.0136670183143298
20180921;860;67900.08;0.33;0.8;0.54;0.471;0.471;0;∞;1;0;0.00541059745437708;0.0227151806920831
20180921;865;68307.4;0.23;0.9;0.56;0.431;0.431;0;∞;1;0;0.00492157511484847;0.0206621300080276
20180921;870;68712.36;0.25;0.88;0.58;0.439;0.439;0;∞;1;0;0.00498338290229007;0.0209216161501316
20180921;880;69521.86;0.4;0.87;0.62;0.541;0.541;0;∞;1;0;0.00606974554478261;0.0254824662095615
20180921;900;71143.17;0.44;0.96;0.72;0.596;0.592441783504525;0.248332571992245;2.38567892544932;0.9997;11.8607216515834;0.00649541749592448;0.0272695544872002
20180921;920;72762.14;0.51;0.96;0.84;0.645;0.633042019539589;0.594909091425496;1.0640987483024;0.9995;23.9159609208221;0.00678612222291537;0.0284900131255154
20180921;940;74401.64;0.69;1;0.96;0.783;0.761042019539589;1.01585662898575;0.749162822611517;0.9995;43.9159609208221;0.0079784904639317;0.0334959039304719
20180921;960;76061.6;0.84;1.19;1.07;0.945;0.913042019539589;1.45253314531762;0.628586013670579;0.9995;63.9159609208221;0.00936310536776612;0.0393088992595009
20180921;980;77721.3;0.94;1.31;1.19;1.051;1.00713084943225;1.89745149926972;0.53078081301149;0.9992;54.8364382096861;0.0101074230945334;0.0424337504054978
20180921;1000;79383.64;1.07;1.38;1.31;1.163;1.1026843965557;2.38234663140807;0.462856404697062;0.9991;67.017337160338;0.0108346484151324;0.0454868429152542
20180921;1020;81043.66;1.19;1.54;1.5;1.295;1.2166843965557;2.90619704920558;0.418651721117218;0.9991;87.017337160338;0.0117099083298242;0.0491614254881414
20180921;1040;82752.71;1.37;1.8;1.72;1.499;1.39873756567309;3.46279193952861;0.40393347047686;0.9988;83.5520286057601;0.0131840431718189;0.0553502502127224
20180921;1060;84482.38;1.53;2;1.95;1.671;1.54015194716081;4.07101339985159;0.378321512578897;0.9982;72.6933626884386;0.0142197523174114;0.0596984429187876
20180921;1080;86212.99;1.72;2.2;2.2;1.864;1.68972118092559;4.75249975267842;0.355543665199204;0.9974;67.0303150286181;0.015287516662187;0.0641812121938369
20180921;1100;87944.89;1.98;2.24;2.49;2.058;1.82852249646813;5.53421082544818;0.33040347651014;0.9972;81.956251261382;0.0162175147100092;0.06808560054978
20180921;1120;89724.7;2.22;2.49;2.8;2.301;2.01392083375097;6.39714920227413;0.31481536072897;0.9971;98.9928159479407;0.0175075341608917;0.0735014580720194
20180921;1140;91572.34;2.47;2.79;3.19;2.566;2.2159429047654;7.32034294239279;0.302710258549865;0.9964;97.2380820096104;0.0188750824290066;0.0792428029562603
20180921;1160;93422.22;2.77;3.15;3.64;2.884;2.45257527286295;8.31110595000534;0.295096138542353;0.9954;93.7879841602287;0.020477020486487;0.0859681808355102
20180921;1180;95275.37;3.15;3.55;4.15;3.27;2.73535531279873;9.39091975179551;0.291276614548404;0.994;89.107447866878;0.0223937954162026;0.0940153307559542
20180921;1200;97229.53;3.6;3.95;4.79;3.705;3.03784320520896;10.5825425955994;0.28706175078116;0.9928;92.6606659431996;0.0243703502430074;0.102313453175384
20180921;1220;99266.56;4.1;4.55;5.42;4.235;3.41416103586208;11.8940591129373;0.287047592705206;0.9919;101.338143720731;0.0268272176246706;0.112628060200126
20180921;1240;101286.95;4.75;5.15;6.25;4.87;3.87249364287838;13.3193305950783;0.290742362405911;0.9905;105.000669170697;0.0298216605539523;0.125199557670472
20180921;1260;103354.1;5.5;5.9;7.17;5.62;4.41213566600766;14.8632678569193;0.29684829126952;0.9885;105.031681216725;0.0332978161435877;0.139793417775234
20180921;1280;105664.82;6.3;6.7;8.26;6.42;4.94216390883098;16.543788899723;0.298732287917052;0.9852;99.8537899438525;0.0364822260510941;0.153162449024852
20180921;1300;107998.98;7.25;7.65;9.52;7.37;5.56539977202825;18.386060939558;0.302696689101807;0.9815;97.5459582687434;0.0401949335279095;0.168749419207689
20180921;1320;110346.59;8.35;8.75;10.92;8.47;6.26025197190824;20.4076098931254;0.30676066451158;0.9779;99.9885985561883;0.0442514493478088;0.185779791658473
20180921;1340;113035.68;9.55;10;12.58;9.685;6.98456966825861;22.6270787908509;0.308681899807711;0.9735;101.903031386468;0.0481968555525274;0.202343695293801
20180921;1350;114401;10.25;10.7;13.47;10.385;7.40094004091406;23.8152824453634;0.310764319419397;0.97;99.4686653028647;0.0504605137360073;0.211847156805479
20180921;1360;115794.66;11;11.45;14.47;11.135;7.83034843449679;25.0597430485599;0.312467227589821;0.9662;97.7707563758347;0.0527457119258133;0.221441049205785
20180921;1370;117197.24;11.8;12.25;15.56;11.935;8.27700098696248;26.3647783831615;0.313941610533271;0.9623;97.0291515394568;0.0550871400199419;0.231271010256135
20180921;1380;118575.18;12.65;13.15;16.74;12.8;8.74597900545557;27.7329503306625;0.315364175148207;0.9588;98.3985678287484;0.0575319693738212;0.241535078319405
20180921;1390;120212.36;13.5;14.1;17.93;13.68;9.19557785931072;29.1680620340179;0.31526187268068;0.9554;100.547581629804;0.059665667742172;0.250492932676188
20180921;1400;121842.98;14.6;15.15;19.26;14.765;9.81408673185475;30.6703089950046;0.319986562034742;0.9513;101.661463411607;0.0628266614198594;0.263763656133375
20180921;1410;123505.99;15.65;16.25;20.6;15.83;10.3713465739023;32.2399527964917;0.32169236224908;0.947;102.993460869769;0.0655000646336567;0.274987340315438
20180921;1420;125185.77;16.8;17.4;22.11;16.98;10.9699526750514;33.8779756389651;0.323807797489358;0.9428;105.070757429171;0.0683509242826888;0.286956035566116
20180921;1430;126890.31;18.05;18.65;23.61;18.23;11.623049651689;35.5848929536349;0.326628765381792;0.9377;106.05056738862;0.0714473684264576;0.299955762273145
20180921;1440;128656.5;19.35;20;25.2;19.545;12.2919001111766;37.3611740528476;0.329001976591785;0.9326;107.612757994413;0.0745215522474009;0.312862034004174
20180921;1450;130713.49;20.75;21.4;26.99;20.945;12.9941040746206;39.2071783366021;0.33142155661046;0.9268;108.6187967948;0.0775390602622887;0.325530365066678
20180921;1460;132689.46;22.25;22.95;28.77;22.46;13.7498333341353;41.1229725561787;0.33435893563753;0.9212;110.535109972903;0.0808268418654014;0.33933337921078
20180921;1470;134769.48;23.9;24.55;30.8;24.095;14.5597333919385;43.1088935503201;0.337743147477057;0.9133;109.980007013397;0.0842667942750246;0.353775248378767
20180921;1480;136798.8;25.5;26.25;32.82;25.725;15.2895996571687;45.1664166356332;0.338516995503829;0.9063;111.370334501934;0.0871783066268974;0.365998580407751
20180921;1490;138943.45;27.35;28.2;35.02;27.605;16.1903154798748;47.2968967719108;0.342312426076337;0.8977;111.580493842866;0.0908891068582389;0.381577543447951
20180921;1500;141344.21;29.25;30;37.37;29.475;16.9890040281142;49.5001969549619;0.343210836990643;0.8879;111.382658089972;0.0937528544107257;0.393600345672616
20180921;1510;149384.8;31.35;32.05;39.82;31.56;17.914954685998;51.780094352936;0.345981499452061;0.8798;113.519511763744;0.0935414088654162;0.392712638943601
20180921;1520;158546.04;33.45;34.2;42.37;33.675;18.7875483477555;54.1379756699495;0.347030861705898;0.8705;114.961016619649;0.0924292256763354;0.388043387106684
20180921;1530;168615.15;35.7;36.5;45.04;35.94;19.7143616024231;56.5712436845988;0.348487328868646;0.862;117.577089837514;0.0911970368611007;0.382870318546173
20180921;1540;177864.47;38.1;38.9;47.89;38.34;20.6938370450213;59.0829766022183;0.350250414503394;0.853;120.041924863801;0.0907499563859865;0.380993351379099
20180921;1550;188225.84;40.55;41.45;50.82;40.82;21.6420656856664;61.6641091991107;0.350966971983412;0.8409;120.540127682801;0.0896838140545409;0.376517391763461
20180921;1560;197838.5;43.2;44.15;53.9;43.485;22.6549235634157;64.3139502725652;0.35225520229131;0.8295;122.170536284952;0.0893195226382339;0.37498799590362
20180921;1570;208253.85;46;46.95;57.22;46.285;23.7026258462588;67.0389002474234;0.353565254781604;0.8199;125.387974201783;0.0887765011791228;0.372708242019248
20180921;1580;218089.24;48.9;49.95;60.6;49.215;24.7793287090788;69.8363542187745;0.354819906999344;0.8089;127.868504923711;0.0886237046499013;0.37206676003881
20180921;1590;228740.06;52;53.05;64.19;52.315;25.9049216951559;72.698014657392;0.356336026743501;0.7961;129.524660641707;0.0883353747577996;0.370856271612486
20180921;1600;238771.69;55.2;56.3;67.82;55.53;27.0233644143306;75.6232656221275;0.357341939573997;0.7845;132.281371627236;0.0882777361218069;0.370614288718276
20180921;1610;249675.92;58.6;59.7;71.7;58.93;28.2049962910936;78.610698761018;0.35879335428424;0.7721;134.817918863126;0.0881138121251461;0.369926090559881
20180921;1620;259885.83;62.1;63.25;75.72;62.445;29.3881909149123;81.6614824325725;0.359878244179292;0.7609;138.25516137636;0.0882033041725731;0.37030180286244
20180921;1630;271064.78;65.85;67;79.95;66.195;30.6823619415954;84.7687113178223;0.361953856141075;0.7469;140.310699559086;0.0882897524143284;0.37066473642912
20180921;1640;281588.67;69.7;70.85;84.27;70.045;31.9322819935464;87.9225101146835;0.363186650971348;0.7332;142.851266890756;0.088452351278786;0.371347371316972
20180921;1650;293120.83;73.75;74.9;88.8;74.095;33.2571693269077;91.1294287483302;0.364944341072884;0.7208;146.267301837723;0.0884979483545677;0.371538800419608
20180921;1660;303868.15;77.95;79.1;93.4;78.295;34.584141539672;94.3766539590476;0.366448057744015;0.7052;148.272925577775;0.0887741291772242;0.372698283700933
20181019;740;58274.46;0.18;0.61;0.26;0.309;0.292993913875429;1.60060861245709;0.183051566507352;0.9999;160.060861245709;0.00392170520023411;0.012455676733787
20181019;760;59874.42;0.06;0.71;0.34;0.255;0.236993913875429;1.80060861245709;0.131618782802571;0.9999;180.060861245709;0.00308738277252347;0.00980579615360172
20181019;780;61491.65;0.42;0.83;0.42;0.543;0.52113030485316;2.00925126144384;0.259365423754259;0.9998;109.348475734199;0.00661035502845451;0.0209950623838523
20181019;800;63116.46;0.32;0.82;0.5;0.47;0.44413030485316;2.23422983355738;0.198784519919336;0.9998;129.348475734199;0.00548861006757136;0.0174323028450473
20181019;820;64740.1;0.58;0.99;0.58;0.703;0.67313030485316;2.47112510106264;0.272398311426523;0.9998;149.348475734199;0.00810999114591211;0.0257580370960383
20181019;840;66367.99;0.66;1.06;0.66;0.78;0.74613030485316;2.71682159507129;0.274633529933195;0.9998;169.348475734199;0.008769011051645;0.0278511416227247
20181019;860;68022.47;0.52;1.12;0.74;0.7;0.66213030485316;2.96913520948262;0.223004429956067;0.9998;189.348475734199;0.00759251520542351;0.0241144885111386
20181019;880;69679.13;0.37;1.05;0.81;0.574;0.531788912264573;3.22669011549948;0.16480941560211;0.9997;140.703625784756;0.00595293528444409;0.0189070401099409
20181019;900;71340.7;0.79;1.33;0.89;0.952;0.903788912264573;3.49565600224117;0.258546296227411;0.9997;160.703625784756;0.00988153118158873;0.0313846022963068
20181019;920;73005.91;0.7;1.55;1.12;0.955;0.900787344874708;3.77725356844854;0.238476800286589;0.9996;135.531637813229;0.00962407192790655;0.030566889318851
20181019;940;74709.74;1.09;1.59;1.37;1.24;1.17549251842275;4.07845763961718;0.288219866991946;0.9994;107.51246929542;0.0122726188629454;0.0389789046929634
20181019;960;76410.34;1.25;1.72;1.61;1.391;1.31165396381569;4.41540246085166;0.297063285950766;0.9992;99.1825452303838;0.0133894194395188;0.0425259604372543
20181019;980;78108;1.38;1.9;1.86;1.536;1.43892101427814;4.79676465318654;0.299977405254237;0.999;97.0789857218618;0.0143693141693162;0.0456381913073281
20181019;1000;79848.31;1.6;2.08;2.1;1.744;1.62692101427814;5.2238161661687;0.3114430068988;0.999;117.078985721862;0.0158926142724492;0.0504763248957571
20181019;1020;81620.84;1.78;2.31;2.37;1.939;1.79635410264848;5.6944649455135;0.315456170129517;0.9983;83.9093513832497;0.0171666476363856;0.0545227656451292
20181019;1040;83392.48;1.93;2.54;2.64;2.113;1.9328952123739;6.23238353507779;0.310137397914453;0.998;90.0523938130476;0.0180790673889498;0.0574206901201209
20181019;1060;85163.23;2.05;2.8;2.96;2.275;2.05428371578299;6.8434428889544;0.300182780672969;0.9977;95.9636018334838;0.0188149427670924;0.0597578943102653
20181019;1080;86989.74;2.61;3.1;3.39;2.757;2.48442442373055;7.52576026272328;0.330122716775399;0.9971;93.9915780239481;0.0222767771292319;0.0707529812734952
20181019;1100;88874.34;2.96;3.35;3.82;3.077;2.73805409432634;8.29222245994224;0.330195446100635;0.9961;86.9092065829907;0.0240303578465341;0.0763225061169269
20181019;1120;90762.02;3.25;3.7;4.32;3.385;2.96150953217961;9.1596764919702;0.323320319748827;0.9952;88.2271807959137;0.0254509257848172;0.0808343534165609
20181019;1140;92653.05;3.7;4.1;4.82;3.82;3.29677744713969;10.1348992170837;0.325289613298034;0.9947;98.7212363887379;0.0277539315626302;0.0881489000282669
20181019;1160;94667.26;4.2;4.7;5.42;4.35;3.7055534265414;11.2171860882084;0.330346077652817;0.9931;93.3980541244349;0.030531481239684;0.0969706393286487
20181019;1180;96734.29;4.8;5.25;6.12;4.935;4.14201103331029;12.4214839384005;0.333455411112793;0.992;99.1236208362136;0.0333983803052881;0.106076160056578
20181019;1200;98812.89;5.45;5.9;6.95;5.585;4.62283664371571;13.7483600427725;0.336246405340973;0.9908;104.582973509162;0.0364913179049642;0.115899598824245
20181019;1220;100949.43;6.2;6.65;7.77;6.335;5.16786401242194;15.1999400359859;0.339992394719124;0.9889;105.147386268293;0.0399302297168901;0.126821881774731
20181019;1240;103289.29;7.05;7.6;9;7.215;5.80483175812473;16.787873194316;0.345775292137072;0.9867;106.027687359043;0.0438358010916455;0.139226316075857
20181019;1260;105638.79;7.65;8.55;10.26;7.92;6.21701015427857;18.52191997142;0.335656895390524;0.9844;109.166015751374;0.0459042357484148;0.145795844409639
20181019;1280;108019.65;9.2;9.7;11.63;9.35;7.30697147337451;20.4082836935187;0.35803948941062;0.9816;111.034159055733;0.0527629718225537;0.167579786592937
20181019;1300;110731.71;10.5;11;13.4;10.65;8.20841739500351;22.4545671175443;0.365556697309479;0.9785;113.561981627744;0.0578205246546155;0.183643014174768
20181019;1320;113475.21;11.95;12.5;15.29;12.115;9.21087714378714;24.6662194521657;0.373420708497687;0.9749;115.702105825214;0.0633132485249771;0.201088382815199
20181019;1340;116261.06;13.6;14.15;17.36;13.765;10.2922940741935;27.0534116687901;0.380443479742966;0.9679;108.183985227618;0.0690514036072861;0.21931326232662
20181019;1350;117772.71;14.55;14.95;18.41;14.67;10.8635431377677;28.3233034421114;0.383554946546794;0.9652;109.380944317021;0.0719484475432277;0.228514525784034
20181019;1355;118590;15;15.55;18.94;15.165;11.1813834535326;28.9789219376619;0.385845390576831;0.9638;110.044655979761;0.0735431241568046;0.233579357376286
20181019;1360;119408.47;15.15;16.05;19.57;15.42;11.2511960586257;29.6483824564734;0.379487686221785;0.9621;109.994826949191;0.0734950621654227;0.233426708312353
20181019;1365;120228.05;16;16.55;20.19;16.165;11.8036637302816;30.3320490177145;0.389148247894101;0.9607;110.975477600977;0.0765782836003714;0.243219287695962
20181019;1370;121048.79;16.55;16.95;20.82;16.67;12.1072142842959;31.0298381279355;0.39017974358674;0.9586;110.212215355171;0.0780150478311334;0.247782575828882
20181019;1375;121870.95;17.05;17.65;21.49;17.23;12.4567793115787;31.7421650276305;0.392436347701409;0.9573;111.78502783188;0.0797260369516393;0.253216826057272
20181019;1380;122694.54;17.6;18.15;22.16;17.765;12.7740959013534;32.4693600961866;0.393420007770762;0.9558;112.916382322321;0.0812081352850393;0.257924099242266
20181019;1385;123519.47;18.2;18.8;22.86;18.38;13.1630297150888;33.2112451273158;0.39634255399423;0.954;113.41239749807;0.0831218202099575;0.264002128971191
20181019;1390;124346.13;18.5;19.4;23.6;18.77;13.3171598322697;33.9678571907137;0.392051808199146;0.952;113.600836827715;0.0835360510951997;0.265317762282797
20181019;1395;125181.64;19.35;20.05;24.37;19.56;13.8608443579956;34.7393621159609;0.398995361852867;0.9498;113.528996852678;0.0863661683872855;0.274306460899618
20181019;1400;126034.41;20;20.55;25.15;20.165;14.2116543544117;35.5264008140408;0.400030794810909;0.9486;115.823845244909;0.0879528883932658;0.279346021614264
20181019;1405;127017.34;20.6;21.3;25.93;20.81;14.5954935214732;36.3288449301585;0.401760461956133;0.9468;116.814031551256;0.0896293761682389;0.284670692569124
20181019;1410;128001.65;21.3;21.95;26.7;21.495;15.0085095012167;37.1461031924368;0.404039945279444;0.9445;116.87370268078;0.0914569258361049;0.290475149231629
20181019;1415;128987.39;21.95;22.65;27.56;22.16;15.3923937986907;37.9786214452449;0.405291008808271;0.9425;117.697499153205;0.0930793867755505;0.295628226258868
20181019;1420;129974.44;22.65;23.5;28.42;22.905;15.8461898022365;38.8262927601054;0.408130384740691;0.9408;119.236658746005;0.0950958361178128;0.302032644713314
20181019;1425;130962.92;23.4;24.2;29.34;23.64;16.2795755919464;39.6891089891092;0.410177401473375;0.9386;119.876619023675;0.0969592687893503;0.307951068915741
20181019;1430;131943.8;24.15;24.9;30.25;24.375;16.7010995187452;40.5669960643509;0.411691797249479;0.9362;120.280571806502;0.0987303505327362;0.313576178539843
20181019;1435;132945.21;24.9;25.7;31.17;25.14;17.1409011472664;41.4601808568349;0.413430448035313;0.934;121.198467465661;0.100567014748916;0.319409583800362
20181019;1440;133938.96;25.7;26.5;32.14;25.94;17.6042301414071;42.3688137365708;0.415499717572031;0.9309;120.633427765454;0.102519084143236;0.325609525941888
20181019;1445;134935.16;26.55;27.35;33.14;26.79;18.1012498946342;43.2923697385808;0.418116402588674;0.9283;121.182009837738;0.10463525531681;0.332330669604043
20181019;1450;135941.64;27.35;28.2;34.15;27.605;18.5506553182503;44.2318215966748;0.419396141705474;0.9256;121.698181206313;0.106439139238244;0.338059961797988
20181019;1455;136972.61;28.2;29.1;35.19;28.47;19.0347637879448;45.1868644955578;0.421245510181749;0.9222;121.275529717933;0.108394778741509;0.344271242915966
20181019;1460;138159.98;29.1;30.1;36.23;29.4;19.5669674822772;46.1575765099799;0.423916699310384;0.9183;120.355355174086;0.11046784051486;0.350855467374369
20181019;1465;139349.06;30;31.05;37.28;30.315;20.0673713183822;47.1444698477923;0.425656951561243;0.916;121.995579543069;0.112326194581708;0.356757761486686
20181019;1470;140539.96;30.95;31.9;38.41;31.235;20.5597343431671;48.1483724677503;0.427007877720851;0.913;122.704202952102;0.11410699695425;0.362413744674258
20181019;1475;141732.48;31.9;32.9;39.54;32.2;21.0816887973689;49.1688274399645;0.428761267962099;0.9096;122.990168170698;0.116019399801286;0.368487702412344
20181019;1480;142926.89;32.9;33.9;40.72;33.2;21.6192978624254;50.2052372466479;0.430618378640745;0.9056;122.676929423459;0.117983763116177;0.37472669111464
20181019;1485;144109.94;33.9;34.85;41.93;34.185;22.1228682663816;51.2580888276354;0.431597602883201;0.9016;122.582639569293;0.119740784346851;0.380307143327716
20181019;1490;145322.64;35.05;35.9;43.18;35.305;22.744453647919;52.328141706533;0.434650513207111;0.8992;124.608594762709;0.12207783897524;0.387729832049621
20181019;1495;146523.62;36.1;37;44.44;36.37;23.2946961863589;53.4154473710888;0.436104110942394;0.8948;124.289960205714;0.124006375390943;0.393855031404714
20181019;1500;147754.96;37.2;38.1;45.73;37.47;23.8584109594589;54.5190182298252;0.437616298570962;0.8898;123.517141928685;0.125948804347265;0.400024354676856
20181019;1505;151235.66;38.3;39.25;47.08;38.585;24.410661048504;55.6382173593094;0.438739093505834;0.8857;124.009964580018;0.125898320659513;0.399864014094671
20181019;1510;156112.99;39.45;40.4;48.47;39.735;24.9805831859722;56.7756179191426;0.439987869820254;0.8819;124.931556426992;0.124812514865408;0.396415400474699
20181019;1515;161071.34;40.65;41.65;49.89;40.95;25.5949139195062;57.9303383367814;0.441822275760045;0.8773;125.143325839396;0.123945283234217;0.393660997402588
20181019;1520;166267.16;41.85;42.8;51.31;42.135;26.1555170338427;59.1018717011558;0.442549724416446;0.8738;126.620308765114;0.122701941179469;0.389712034920008
20181019;1525;171212.11;43.1;44.15;52.73;43.415;26.7944700954718;60.2920497834427;0.444411331041361;0.8701;127.94865207489;0.122068974411144;0.387701677423221
20181019;1530;176117.81;44.35;45.3;54.15;44.635;27.3525282937749;61.4996134814489;0.444759352870172;0.8657;128.6855674328;0.121140343893354;0.384752266148241
20181019;1535;181077.86;45.65;46.75;55.57;45.98;28.0126058490641;62.724001826436;0.446601062326634;0.8605;128.798524379469;0.120665400851711;0.383243805748586
20181019;1540;186022.81;46.95;47.9;57.09;47.235;28.5587798741906;63.9651620282471;0.446473970652634;0.856;129.695973095899;0.119747940061053;0.380329870498257
20181019;1545;191375.77;48.3;49.3;58.64;48.6;29.1945496935252;65.2240825082955;0.447603838502629;0.8524;131.473240558772;0.118989717250777;0.377921688920402
20181019;1550;196347.57;49.65;50.75;60.25;49.98;29.8234901135634;66.5001304773365;0.448472655609711;0.8466;131.398369533485;0.118475223750309;0.376287612824351
20181019;1555;201426.42;51.05;52.2;61.91;51.395;30.4595918118799;67.7917247863744;0.449311356332418;0.842;132.502583469115;0.117951168537207;0.374623167897522
20181019;1560;206417.85;52.3;53.5;63.56;52.66;30.9229643698624;69.1004516546261;0.44750741318479;0.8375;133.766373108539;0.116849934288593;0.371125552164423
20181019;1565;211565.18;53.95;55.15;65.22;54.31;31.7499452522666;70.4265779047343;0.45082334250593;0.8335;135.495824310711;0.117055922419596;0.371779788380501
20181019;1570;215907.91;55.5;56.7;66.95;55.86;32.4545279938872;71.7695432921316;0.452204744591781;0.8285;136.475055429229;0.117246893989349;0.37238633069226
20181019;1580;227165.02;58.6;59.75;70.53;58.945;33.7740186647476;74.5033334144606;0.453322249044394;0.8187;138.836080172379;0.115967390395331;0.368322516016475
20181019;1590;236782.32;62;63;74.11;62.3;35.2716185328522;77.3025735549403;0.456280003508344;0.8102;142.404538815321;0.116190526622193;0.36903121607614
20181019;1600;248122.19;65.25;66.45;77.87;65.61;36.6294077533174;80.1642089276171;0.456929697720729;0.7997;144.685932334911;0.11514866142197;0.365722161603255
20181019;1610;257762.85;68.8;69.95;81.98;69.145;38.1019562991737;83.0818381291113;0.458607526713146;0.7881;146.498554510743;0.115297941163187;0.36619628704221
20181019;1620;269550.3;72.4;73.7;86.1;72.79;39.5788809650837;86.0564394336855;0.459917714764191;0.7778;149.464982155339;0.114529745107927;0.363756429571047
20181019;1630;279650.84;76.4;77.55;90.4;76.745;41.2536985829138;89.0837741049773;0.463088805985027;0.7658;151.542704599002;0.115064502916111;0.365454866870516
20181019;1640;291527.85;80.2;81.45;94.7;80.575;42.6871213377373;92.1613556788405;0.463178096972568;0.7548;154.518265343649;0.114211917123647;0.362746980255758
20181019;1650;301703.45;84.35;85.55;99.22;84.71;44.3119784993591;95.2886340265026;0.465029003218102;0.7421;156.642192712838;0.114560649636257;0.363854585040374
20181019;1660;313789.74;88.6;89.85;103.93;88.975;45.9424035278538;98.4595411816478;0.466612000995361;0.73;159.379986933875;0.114200912852428;0.362712029733472
