Expiry;Strike;ReqMar;Bid;Ask;Last/Close;Premium;E[PnL];S[PnL];Sharpe;Prob(%);LGL;E[Return](%);Ann[Return](%)
20180706;157.5;12362.69;0.01;0.04;0.01;0.019;0.0181684746247376;0.0831525375262376;0.218495732845252;0.9999;8.31525375262376;0.00114630474494591;0.0418687808091493
20180706;160;12559.93;0.01;0.04;0.01;0.019;0.0177687646352768;0.109182316883809;0.162743978534419;0.9998;6.15617682361609;0.00110348038687444;0.0403046211305889
20180706;162.5;12756.33;0.03;0.04;0.03;0.033;0.0309114740094437;0.141106231977363;0.219065264349222;0.9995;4.17705198111264;0.00189011649333045;0.0690365049188948
20180706;165;12954.07;0.05;0.04;0.05;0.047;0.042764021126658;0.187045657927279;0.228628782942848;0.9988;3.52998239445169;0.00257493872418423;0.094049636900829
20180706;167.5;13155.71;0.1;0.08;0.1;0.094;0.0856442997177803;0.256488067354483;0.33391143923828;0.9981;4.39773699064193;0.00507783721136059;0.185468004144946
20180706;170;13362.36;0.16;0.06;0.16;0.13;0.116358480583416;0.346902581240288;0.335421201443349;0.9978;6.20069064390162;0.00679218452841151;0.24808453990023
20180706;172.5;13570.82;0.17;0.06;0.17;0.137;0.116358281975596;0.451906669945274;0.257482993091665;0.9963;5.57884270929834;0.00668783905032747;0.244273321313211
20180706;175;13783.95;0.04;0.06;0.18;0.046;0.0154148218825764;0.575292661274075;0.0267947479956338;0.9955;6.79670624831636;0.000872287048952556;0.0318602844629921
20180706;177.5;15405.24;0.06;0.12;0.19;0.078;0.0323413290693288;0.718690643506812;0.0450003480099881;0.9923;5.92969752346379;0.00163751013772434;0.0598100577803814
20180706;180;17396.92;0.09;0.14;0.29;0.105;0.0358980852732854;0.892601249538993;0.040217381828477;0.9885;6.0088621501491;0.0016095094139171;0.0587873313433219
20180706;182.5;19402.18;0.13;0.18;0.39;0.145;0.0356204072445129;1.10708431203257;0.0321749724545506;0.9788;5.15941475261731;0.00143199978820525;0.0523037922641967
20180706;185;21428.3;0.19;0.26;0.6;0.211;0.0325275794800206;1.38199519606858;0.0235366805706366;0.9637;4.916595606611;0.00118401889064536;0.0432462899808219
20180706;187.5;23493.76;0.3;0.36;0.82;0.318;0.0266925685458798;1.73511355010738;0.0153837589155061;0.9441;5.21122417628122;0.000886201419687025;0.0323685068540686
20180706;190;25623.63;0.49;0.55;1.26;0.508;0.0323298594703795;2.17882837529353;0.0148381854380908;0.9069;5.10923888861032;0.00098414199654366;0.0359457864237572
20180706;192.5;27874.97;0.82;0.86;1.9;0.832;0.0478607984790772;2.72807634377768;0.0175437899999538;0.8429;4.99133801095431;0.00133924530909559;0.0489159349147164
20180713;157.5;12374.1;0.05;0.12;0.05;0.071;0.0570326321877544;0.667422963017809;0.0854520077191779;0.9988;11.6394731768714;0.00359504554726796;0.0772406109493895
20180713;160;12580.86;0.08;1.25;0.08;0.431;0.41395418964935;0.723024233147908;0.572531556580163;0.9987;13.112161808192;0.0256647214837852;0.551414089526619
20180713;162.5;12795.04;0.13;0.09;0.13;0.118;0.0972934207482377;0.785045751294139;0.123933440296761;0.998;10.3532896258811;0.0059311161343478;0.127431774592384
20180713;165;13014.19;0.17;0.23;0.17;0.188;0.161046498873136;0.856749692327599;0.187973804152305;0.997;8.98450037562131;0.00965225412576934;0.207381518790427
20180713;167.5;13233.4;0.06;0.12;0.21;0.078;0.0414748183316592;0.943630754153064;0.0439523808959406;0.9952;7.609412847571;0.00244459914297869;0.052522931586645
20180713;170;13453.07;0.06;1.34;0.25;0.444;0.393484454620309;1.05130441453865;0.374282129113842;0.9934;7.65387051207447;0.0228139654817704;0.490164758365684
20180713;172.5;13670.56;0.1;1.21;0.29;0.433;0.364088950620341;1.18301869588586;0.307762634594466;0.9915;8.10718227995983;0.0207737928427121;0.446331049164741
20180713;175;13892.53;0.15;0.21;0.34;0.168;0.0741354863463189;1.34112675783282;0.0552785081002466;0.988;7.82204280447343;0.00416235770951214;0.0894294796117242
20180713;177.5;15484.05;0.19;0.25;0.38;0.208;0.0797699542834063;1.5303189097947;0.0521263599193895;0.984;8.0143778572871;0.00401836498468146;0.0863357535679355
20180713;180;17500.84;0.25;0.31;0.5;0.268;0.0884746907544212;1.75663331802007;0.0503660552528643;0.9749;7.152402758788;0.00394325408314392;0.0847219737569599
20180713;182.5;19544.53;0.35;0.41;0.63;0.368;0.113192667998051;2.03146823652404;0.0557196346774934;0.9632;6.92411228266166;0.00451739085250348;0.0970574711104056
20180713;185;21626.25;0.5;0.55;0.99;0.515;0.147648809231773;2.3651690975573;0.0624263226609303;0.9457;6.76521529959902;0.00532529084796408;0.114415440130522
20180713;187.5;23775.97;0.72;0.77;1.41;0.735;0.203496595682806;2.76916388177457;0.0734866567566232;0.921;6.72789119388853;0.00667595663321365;0.143434891781252
20180713;190;26018.56;1.04;1.1;1.96;1.058;0.284292067490686;3.25193525604904;0.0874224254501575;0.8827;6.5959755542141;0.00852267814370724;0.183112246587592
20180713;192.5;28388.76;1.51;1.57;2.71;1.528;0.395498023353748;3.82054770004729;0.103518671772859;0.8262;6.51612184491514;0.0108665703685516;0.23347146041844
20180720;95;7456.49;-1;0.1;-1;0.03;0.03;0;∞;1;0;0.00313820577778553;0.0477595691806735
20180720;100;7848.95;-1;0.12;-1;0.036;0.036;0;∞;1;0;0.00357754858930175;0.0544458175934361
20180720;105;8241.39;-1;0.12;-1;0.036;0.036;0;∞;1;0;0.00340719223334899;0.0518532068012799
20180720;110;8633.85;-1;0.11;-1;0.033;0.033;0;∞;1;0;0.002981288764572;0.0453714883858302
20180720;115;9026.34;-1;0.11;-1;0.033;0.033;0;∞;1;0;0.0028516541588285;0.0433986117296712
20180720;120;9419;-1;0.12;-1;0.036;0.036;0;∞;1;0;0.00298120819619917;0.0453702622359061
20180720;125;9812.2;-1;0.09;-1;0.027;0.0269100936627974;0.00899063372025651;2.99312534578816;0.9999;0.899063372025651;0.00213916074447953;0.0325553525800478
20180720;130;10208.62;-1;0.12;-1;0.036;0.03522657304681;0.0617776374591866;0.57021560706465;0.9998;3.86713476595011;0.00269152216230125;0.0409616029075221
20180720;135;10608.24;-1;0.12;-1;0.036;0.0338306777110209;0.133276194021037;0.253838864168653;0.9995;4.33864457795816;0.00248749355355802;0.0378565425182111
20180720;140;11014.77;-1;0.13;-1;0.039;0.0337905463711099;0.230661849504026;0.146493867294341;0.9992;6.51181703611261;0.00239284398761533;0.0364160944365208
20180720;145;11421.67;0.02;0.13;0.02;0.053;0.0437905463711099;0.353905289425002;0.123735213006444;0.9992;11.5118170361126;0.00299051068446783;0.0455118344792448
20180720;150;11825.89;0.04;0.13;0.04;0.067;0.0523020537843255;0.492539776832581;0.106188487193195;0.9987;11.3061124735958;0.00344968555869993;0.0524999020964645
20180720;155;12228.75;0.05;0.14;0.11;0.077;0.0541729208905946;0.653553745798505;0.0828897718647556;0.998;11.4135395547027;0.00345537183233477;0.0525864400733447
20180720;160;12638.61;0.07;0.16;0.15;0.097;0.0623980526389897;0.842446619888579;0.0740676633579969;0.9971;11.9317059865553;0.00385093622308244;0.0586064356450359
20180720;165;13055.34;0.08;0.18;0.21;0.11;0.0556162904118271;1.06929045926159;0.0520123320376704;0.9949;10.6634724682692;0.00332283238285829;0.0505693553266246
20180720;170;13498.88;0.16;0.23;0.29;0.181;0.093094039216398;1.3554254159027;0.0686825244120116;0.9916;10.4649953313812;0.00537921298572848;0.0818648976265553
20180720;175;13981.08;0.27;0.3;0.47;0.279;0.133843179132283;1.72031154227392;0.0778017096574077;0.9845;9.364956185014;0.00746706833257379;0.113639446186357
20180720;177.5;15675.05;0.35;0.39;0.61;0.362;0.167701515667541;1.94511701662891;0.0862166719194022;0.9761;8.12964369591878;0.0083449291849584;0.126999391033586
20180720;180;17754.55;0.46;0.5;0.79;0.472;0.2059694326381;2.21154169995444;0.0931338679448564;0.9659;7.8014829138387;0.00904873159036519;0.13771038389087
20180720;182.5;19834.59;0.61;0.66;1.06;0.625;0.2573404716254;2.52919633787323;0.1017479219671;0.9519;7.64364923855716;0.0101199756520207;0.154013379454189
20180720;185;22003.06;0.84;0.88;1.4;0.852;0.343091804576353;2.90623463925313;0.118053718011056;0.9341;7.72243088655003;0.0121624722911066;0.185097625180278
20180720;187.5;24220.53;1.15;1.19;1.89;1.162;0.455683783819807;3.34915746487232;0.136059229402992;0.9056;7.48216330699357;0.014674879178096;0.223333317491648
20180720;190;26538.76;1.58;1.61;2.54;1.589;0.601332765931515;3.86468014079204;0.155597033654712;0.8684;7.50507016769365;0.0176737555720984;0.268972467612872
20180720;192.5;28985.37;2.14;2.19;3.35;2.155;0.786142551455931;4.45908874757821;0.176301167336688;0.825;7.82204256310896;0.0211551962295333;0.321955642618209
20180727;167.5;13556.38;0.52;1.47;0.52;0.805;0.671474902583741;1.7432842397711;0.385178095037393;0.9859;9.46986506498294;0.0386349765951764;0.455207264560909
20180727;170;13544.78;0.16;1.52;0.59;0.568;0.394189307967435;1.94698120488001;0.202461794176245;0.9816;9.44623326263939;0.0227000852147174;0.267458262086307
20180727;172.5;13834.65;0.24;1.44;0.65;0.6;0.371892644195952;2.18306308079388;0.17035359512411;0.974;8.77335983861723;0.0209673726818418;0.247042995872346
20180727;175;14156.57;0.34;1.63;0.85;0.727;0.421068418023956;2.45928825391871;0.171215560987214;0.9631;8.29082877983858;0.0232000665456877;0.27334917115524
20180727;177.5;16181.59;0.1;1.68;1.05;0.574;0.160904187644016;2.78505512838561;0.0577741481682216;0.9509;8.41335666712799;0.00775605279594478;0.0913838156038333
20180727;180;18082.92;0.52;1.17;1.41;0.715;0.158208041096616;3.16616167046032;0.0499684026159077;0.9336;8.38542106782205;0.00682424475999233;0.0804050128576516
20180727;182.5;20661.82;0.33;1.51;1.76;0.684;-0.0641590805045698;3.60739949955388;-0.0177854103801102;0.9111;8.41573768846535;-0.00242205588827918;-0.0285372875223861
20180727;185;22492.83;1.1;1.72;2.12;1.286;0.279517619432663;4.11254216649058;0.0679671133125885;0.881;8.45783513081796;0.00969303298684413;0.114205816078865
20180727;187.5;24794.42;1.15;2.3;2.58;1.495;0.149295296823762;4.68607632218967;0.031859339575161;0.845;8.68196582694347;0.00469663462676419;0.0553369612072781
20180727;190;27173.5;1.54;2.71;3.05;1.891;0.104397378876626;5.32602060837724;0.0196013847021959;0.8028;9.05985101989541;0.00299666791262694;0.0353075146802255
20180727;192.5;29656.81;2.5;3.45;4.13;2.785;0.441260865599216;6.02792585698193;0.0732027692557166;0.7501;9.37870802081146;0.0116055460842683;0.136739538944484
20180803;167.5;13681.02;-1;-1;-1;-1;-1.16660882095117;1.8046079569383;-0.646461086722921;0.9832;9.91719172328371;-0.0665122103718809;-0.639304864166566
20180803;170;13822.27;-1;-1;-1;-1;-1.21688051168793;2.04673393366932;-0.594547484492206;0.9767;9.30817646729323;-0.0686693863682729;-0.660039299237149
20180803;172.5;14143.71;-1;-1;-1;-1;-1.28521475965249;2.32400565594287;-0.553017053278673;0.9679;8.8851950047506;-0.0708772671759351;-0.68126110094764
20180803;175;14441.27;-1;-1;-1;-1;-1.37880855485792;2.6432093574138;-0.521641825680805;0.9562;8.64859714287498;-0.0744720286227722;-0.715813380380725
20180803;177.5;16247.04;-1;-1;-1;-1;-1.50542136276997;3.01203284813452;-0.499802438642839;0.9428;8.83603781066379;-0.0722733902889742;-0.69468041586968
20180803;180;18413.77;-1;-1;-1;-1;-1.66983552857266;3.43465422971027;-0.486172818832338;0.9234;8.74458914585712;-0.0707335712505734;-0.679879918401893
20180803;182.5;20653.97;-1;-1;-1;-1;-1.89173625770587;3.91526415928438;-0.483169508044544;0.8988;8.81162309986034;-0.0714416783316029;-0.686686131858367
20180803;185;22950.95;-1;-1;-1;-1;-2.17916149667283;4.45907797889117;-0.48870226243828;0.8713;9.16209399124185;-0.074059939453696;-0.711852444354275
20180803;187.5;25311.08;-1;-1;-1;-1;-2.54644140501196;5.06537241017718;-0.502715535761148;0.8345;9.34405682786682;-0.0784725225438554;-0.754265496293242
20180803;190;27783.98;3;3.15;4.11;3.045;1.03099488375954;5.73155036513992;0.179880628813836;0.7926;9.71072862218158;0.0289438737478375;0.278203944378885
20180803;192.5;30371.63;3.7;3.9;4.95;3.76;1.16843122084755;6.45396881691175;0.181040729199966;0.7434;10.0996445017633;0.0300074889711578;0.288427245966195
20180817;140;11094.02;0.1;0.23;0.23;0.139;0.114995085278579;0.680367139582019;0.169019164196004;0.9979;11.4309117721052;0.00808509147426196;0.0567899934802727
20180817;145;11526.62;0.13;0.27;0.28;0.172;0.134973575544152;0.873239765541114;0.154566455709348;0.9966;10.8901248399554;0.00913358720287806;0.064154667804831
20180817;150;11974.87;0.23;0.28;0.32;0.245;0.188212721965284;1.10664179939876;0.170075558385324;0.9954;12.3450604423295;0.0122595003647573;0.0861112020813003
20180817;155;12434.3;0.31;0.36;0.45;0.325;0.240065812133478;1.38596700141027;0.17321178057573;0.9932;12.4903217450767;0.0150592581379019;0.105776808362859
20180817;160;12919.41;0.42;0.48;0.59;0.438;0.308471720289668;1.72173628567334;0.179163163869216;0.9887;11.4626796203834;0.0186237561797281;0.130813979704725
20180817;165;13444.99;0.58;0.61;0.8;0.589;0.390378490047653;2.13583227740923;0.182775817266505;0.9839;12.336739748593;0.0226474859584997;0.159076812429654
20180817;170;14031.74;-1;-1;-1;-1;-1.30723007180137;2.64282094125121;-0.494634370190239;0.9713;10.7048805505703;-0.0726666440516334;-0.510413302689598
20180817;175;14719.97;-1;-1;-1;-1;-1.49606382764409;3.2813212591261;-0.455933360222866;0.9511;10.1444545530488;-0.0792752828682659;-0.55683263591604
20180817;180;18686.65;-1;-1;-1;-1;-1.81587286088508;4.0962254212923;-0.443303938168568;0.919;10.0725044553714;-0.0757964017889971;-0.532396841412138
20180817;185;23281.02;-1;-1;-1;-1;-2.33017014359198;5.11993903506755;-0.45511677534286;0.8719;10.3838418703511;-0.0780692904349442;-0.548361698680064
20180817;190;28173.84;-1;-1;-1;-1;-3.13690808627996;6.36080175210393;-0.49316237300469;0.8013;10.7544443194764;-0.0868461064341379;-0.610010391828247
20181019;105;8268.96;0.04;0.13;0.04;0.067;0.0598761898406467;0.425403874162584;0.140751397618355;0.9996;17.8095253983832;0.00564804135897434;0.0179386704901337
20181019;110;8691.21;0.01;0.17;0.08;0.058;0.0488761898406467;0.512037287585781;0.0954543565979236;0.9996;22.8095253983832;0.00438643503904571;0.013931699113143
20181019;115;9113.19;0.05;0.19;0.15;0.092;0.0790861316109922;0.6071977632811;0.130247732112247;0.9989;11.7398803536435;0.00676899995024507;0.0214989324506697
20181019;120;9539.95;0.11;0.26;0.19;0.155;0.135787839951016;0.726073076707844;0.187016767742862;0.9985;12.8081066993223;0.0111022086239229;0.0352615799990245
20181019;125;9967.31;0.17;0.22;0.23;0.185;0.156652945317173;0.872698469164465;0.179504090877064;0.9979;13.498597468013;0.0122590044201891;0.0389356640389048
20181019;130;10398.93;0.22;0.28;0.27;0.238;0.198651015956767;1.04797032230478;0.189557864119546;0.9977;17.1082539318404;0.0149003592144844;0.0473248365486124
20181019;135;10838.56;0.28;0.35;0.31;0.301;0.249022576122581;1.2453605779395;0.199960220785693;0.997;17.3258079591396;0.0179209792975832;0.0569185885951501
20181019;140;11292.42;0.35;0.42;0.35;0.371;0.299861399042792;1.46922313011081;0.204095207118184;0.9956;16.1678638539109;0.020712291187662;0.0657840378808134
20181019;145;11768.26;0.45;0.52;0.47;0.471;0.375007065413588;1.72754188801584;0.217075526802016;0.9941;16.2699889129512;0.0248554596025749;0.0789431010420913
20181019;150;12264.25;0.58;0.65;0.71;0.601;0.467750120939609;2.02723626440975;0.230732909208192;0.9911;14.9718965236395;0.0297486674140608;0.0944843545477017
20181019;155;12814.11;0.76;0.83;0.95;0.781;0.595585318092163;2.38136225279187;0.250102779362488;0.9875;14.8331745526269;0.0362535164839296;0.115144320832655
20181019;160;13414.12;1.02;1.07;1.24;1.035;0.774268071955853;2.80154576323469;0.276371738101424;0.9825;14.8989673168084;0.0450218945503369;0.142993452039222
20181019;165;14083.27;1.37;1.41;1.68;1.382;1.01731406195219;3.29813869244137;0.30845096486805;0.9747;14.4144639544589;0.0563438014269915;0.178952812793119
20181019;170;14853.67;1.85;1.89;2.23;1.862;1.33942195201995;3.8890359759059;0.344409761266852;0.9631;14.1620067203265;0.0703360935429131;0.223393549274339
20181019;175;15770.27;2.47;2.53;3;2.488;1.74163420522224;4.59492986743592;0.379033903774055;0.9448;13.5211194706116;0.0861414978991068;0.273592887892598
20181019;180;20026.44;3.3;3.4;3.96;3.33;2.25317367927215;5.4343475618246;0.414617146518254;0.9211;13.6479888558663;0.0877577577358869;0.278726269678545
20181019;185;24857.36;4.4;4.5;5.29;4.43;2.88140618001949;6.42613895164033;0.44838840269459;0.8901;14.0909355776206;0.0904157489136097;0.28716828078866
20181019;190;29955.39;5.85;5.95;6.96;5.88;3.66977676775756;7.57651156923465;0.48436232614745;0.8426;14.0420789850218;0.0955562881621938;0.303495080445576
